[Player]
BallTrailStrength = 0.392157
OverrideTableEmissionScale = 0
ScreenPlayerZ = 89.972633
ScreenWidth = 0.000000
ScreenHeight = 0.000000
ScreenInclination = 0.000000
JoyAddCredit2Key = 1
ScreenPlayerY = 15.039346

[TableOverride]
ViewCabMode = 2
ViewCabScaleX = 1.108142
ViewCabScaleY = 0.996985
ViewCabScaleZ = 0.945750
ViewCabRotation = 180.000000
ViewCabHOfs = 0.000000
ViewCabVOfs = 0.000000
ViewCabWindowTop = 296.736969
ViewCabWindowBot = 102.889229
