[Standalone]
BackBufferScale = 0.416666

[Player]
BallTrailStrength = 0.392157
OverrideTableEmissionScale = 0
ScreenPlayerZ = 100.301239
ScreenWidth = 0.000000
ScreenHeight = 0.000000
ScreenInclination = 0.000000
JoyAddCredit2Key = 1

[TableOverride]
ViewCabMode = 2
ViewCabScaleX = 1.057124
ViewCabScaleY = 1.045558
ViewCabScaleZ = 1.000000
ViewCabRotation = 180.000000
ViewCabHOfs = 0.000000
ViewCabVOfs = -38.180683
ViewCabWindowTop = 370.541931
ViewCabWindowBot = 82.953217