[Standalone]
BackBufferScale = 0.416666

[TableOverride]
ViewCabMode = 2
ViewCabScaleX = 1.226708
ViewCabScaleY = 0.981943
ViewCabScaleZ = 1.000000
ViewCabRotation = 180.000000
ViewCabHOfs = 0.000000
ViewCabVOfs = 17.669210
ViewCabWindowTop = 325.541931
ViewCabWindowBot = 83.953270

[Player]
MaxTexDimension = 2048