[Player]
MaxFramerate = 0
SyncMode = 1
BallTrailStrength = 0.200000
AlphaRampAccuracy = 10
OverrideTableEmissionScale = 0
FXAA = 1

[TableOverride]
ViewDTLookAt = 37.000000
ViewDTFOV = 45.000000
ViewDTLayback = 0.000000
ViewDTRotation = 0.000000
ViewDTScaleX = 1.000000
ViewDTScaleY = 1.000000
ViewDTScaleZ = 1.000000
ViewDTPlayerX = 0.000000
ViewDTPlayerY = 16.000000
ViewDTPlayerZ = -120.000000
ViewCabLookAt = 7.977799
ViewCabFOV = 20.000000
ViewCabLayback = 50.000000
ViewCabRotation = 90.000000
ViewCabScaleX = 0.937069
ViewCabScaleY = 1.053406
ViewCabScaleZ = 0.994457
ViewCabPlayerX = -25.178043
ViewCabPlayerY = -1.789001
ViewCabPlayerZ = -605.920227
ViewFSSLookAt = 37.000000
ViewFSSFOV = 47.000000
ViewFSSLayback = 0.000000
ViewFSSRotation = 0.000000
ViewFSSScaleX = 1.000000
ViewFSSScaleY = 1.000000
ViewFSSScaleZ = 1.000000
ViewFSSPlayerX = 0.000000
ViewFSSPlayerY = -20.000000
ViewFSSPlayerZ = -200.000000
ViewCabMode = 0
[Standalone]
PinMAMEWindow = 0

