[TableOverride]
ViewCabMode = 2
ViewCabScaleX = 1.224452
ViewCabScaleY = 1.023237
ViewCabScaleZ = 1.000000
ViewCabRotation = 180.000000
ViewCabHOfs = 0.000000
ViewCabVOfs = -9.217196
ViewCabWindowTop = 376.025879
ViewCabWindowBot = 115.847229

[Player]
ScreenPlayerY = 37.328896
ScreenPlayerZ = 100.344337
ScreenWidth = 0.000000
ScreenHeight = 0.000000
ScreenInclination = 0.000000