[Player]
BallTrailStrength = 0.250980
OverrideTableEmissionScale = 0

[TableOverride]
ViewCabMode = 1
ViewCabScaleX = 1.106005
ViewCabScaleY = 0.844816
ViewCabScaleZ = 1.056317
ViewCabRotation = 90.000000
ViewCabPlayerX = 0.000000
ViewCabPlayerY = -68.887932
ViewCabPlayerZ = 1404.774048
ViewCabLookAt = 5.000000
ViewCabFOV = 44.111809
ViewCabHOfs = 0.221300
ViewCabVOfs = 75.973801