[TableOverride]
ViewCabMode = 2
ViewCabScaleX = 1.183284
ViewCabScaleY = 0.991259
ViewCabScaleZ = 0.859642
ViewCabRotation = 180.000000
ViewCabHOfs = 0.000000
ViewCabVOfs = 0.041922
ViewCabWindowTop = 294.981934
ViewCabWindowBot = 81.550308

[Player]
ScreenPlayerY = 15.037651
ScreenPlayerZ = 90.000046