[TableOverride]
ViewCabMode = 0
ViewCabScaleX = 0.786887
ViewCabScaleY = 0.829542
ViewCabScaleZ = 0.904995
ViewCabRotation = 90.000000
ViewCabPlayerX = 19.362005
ViewCabPlayerY = -0.000000
ViewCabPlayerZ = -340.000000
ViewCabLookAt = 1.913301
ViewCabFOV = 42.999908
ViewCabLayback = 48.000000