[Player]
BallTrailStrength = 0.490196
OverrideTableEmissionScale = 0

[TableOverride]
ViewCabMode = 0
ViewCabScaleX = 0.926112
ViewCabScaleY = 1.054592
ViewCabScaleZ = 0.904995
ViewCabRotation = 90.000000
ViewCabPlayerX = 20.610996
ViewCabPlayerY = 5.459000
ViewCabPlayerZ = -340.000000
ViewCabLookAt = -4.893001
ViewCabFOV = 2.378604
ViewCabLayback = 34.621689