[Player]
BallTrailStrength = 0.392157
OverrideTableEmissionScale = 0

[TableOverride]
ViewCabMode = 0
ViewCabScaleX = 0.999999
ViewCabScaleY = 1.000080
ViewCabScaleZ = 1.000377
ViewCabRotation = 90.000000
ViewCabPlayerX = -221.477982
ViewCabPlayerY = -2.930005
ViewCabPlayerZ = -190.339920
ViewCabLookAt = 0.014400
ViewCabFOV = 47.982441
ViewCabLayback = 67.967155