[Player]
BallTrailStrength = 0.490196
OverrideTableEmissionScale = 0

[TableOverride]
ViewCabMode = 0
ViewCabScaleX = 1.270000
ViewCabScaleY = 0.900000
ViewCabScaleZ = 1.000000
ViewCabRotation = 90.000000
ViewCabPlayerX = -79.024101
ViewCabPlayerY = 8.315000
ViewCabPlayerZ = -1300.000000
ViewCabLookAt = 54.231884
ViewCabFOV = 20.000000
ViewCabLayback = 0.000000