[TableOverride]
ViewCabMode = 1
ViewCabRotation  = 90.000000
ViewCabScaleX = 0.989913
ViewCabScaleY = 1.349756
ViewCabScaleZ = 1.300487
ViewCabPlayerX = 0.000000
ViewCabPlayerY = 1667.285889
ViewCabPlayerZ = 1851.937744
ViewCabLookAt = 0.009255
ViewCabFOV = 33.327095
ViewCabHOfs = 0.000000
ViewCabVOfs = 45.590977

