[TableOverride]
ViewCabMode = 0
ViewCabScaleX = 1.270000
ViewCabScaleY = 0.900000
ViewCabScaleZ = 1.000000
ViewCabRotation = 90.000000
ViewCabPlayerX = -64.794067
ViewCabPlayerY = 0.000000
ViewCabPlayerZ = -1300.000000
ViewCabLookAt = 51.000000
ViewCabFOV = 20.000000
ViewCabLayback = 0.000000

[TableOption]
Select LUT = 0.000000
DMD Type = 1.000000
FlexDMD Quality = 1.000000
Balls per Game = 1.000000
Free Play = 1.000000
Music = 1.000000
Music Volume = 0.100000
