[TableOverride]
ViewCabMode = 2
ViewCabScaleX = 1.228072
ViewCabScaleY = 1.029842
ViewCabScaleZ = 0.859642
ViewCabRotation = 180.000000
ViewCabHOfs = 0.000000
ViewCabVOfs = 0.041922
ViewCabWindowTop = 318.297821
ViewCabWindowBot = 0.345274

[Player]
ScreenPlayerY = 15.035646
ScreenPlayerZ = 89.965584