[Player]
JoyAddCredit2Key = 1

[TableOverride]
ViewCabMode = 0
ViewCabScaleX = 0.819552
ViewCabScaleY = 1.039619
ViewCabScaleZ = 0.915101
ViewCabRotation = 90.000000
ViewCabPlayerX = 83.233002
ViewCabPlayerY = -0.000000
ViewCabPlayerZ = -343.499939
ViewCabLookAt = 5.000000
ViewCabFOV = 42.999908
ViewCabLayback = 48.000000