[Player]
JoyAddCredit2Key = 1
BallTrailStrength = 0.392157
OverrideTableEmissionScale = 1
ScreenPlayerY = 14.964360
ScreenPlayerZ = 90.030327
ScreenWidth = 0.000000
ScreenHeight = 0.000000
ScreenInclination = 0.000000
DynamicDayNight = 0
EmissionScale = 0.250085
AAFactor = 0.85

[TableOverride]
ViewCabMode = 2
ViewCabScaleX = 1.156368
ViewCabScaleY = 0.984134
ViewCabScaleZ = 1.000000
ViewCabRotation = 180.000000
ViewCabHOfs = 0.016597
ViewCabVOfs = 0.000000
ViewCabWindowTop = 237.294052
ViewCabWindowBot = 43.891205