[TableOverride]
ViewCabMode = 0
ViewCabScaleX = 0.920825
ViewCabScaleY = 1.234848
ViewCabScaleZ = 1.000000
ViewCabRotation = 90.000000
ViewCabPlayerX = 42.083996
ViewCabPlayerY = 0.000000
ViewCabPlayerZ = -450.000000
ViewCabLookAt = 7.383997
ViewCabFOV = 26.000000
ViewCabLayback = 51.002686