[Player]
MaxTexDimension = 4096
FXAA = 1

[Standalone]
WindowRenderMode = 0
BackBufferScale = 0.416666

[TableOverride]
ViewCabMode = 0
ViewCabScaleX = 0.873382
ViewCabScaleY = 1.083348
ViewCabScaleZ = 0.904995
ViewCabRotation = 90.000000
ViewCabPlayerX = 21.134993
ViewCabPlayerY = -0.000000
ViewCabPlayerZ = -340.000000
ViewCabLookAt = 5.000000
ViewCabFOV = 15.744918
ViewCabLayback = 48.000000