[Player]
BallTrailStrength = 0.400000
OverrideTableEmissionScale = 0

[TableOverride]
ViewCabMode = 0
ViewCabScaleX = 0.793810
ViewCabScaleY = 1.005171
ViewCabScaleZ = 0.904327
ViewCabRotation = 90.000000
ViewCabPlayerX = -16.461000
ViewCabPlayerY = 14.869001
ViewCabPlayerZ = -340.000000
ViewCabLookAt = 5.000000
ViewCabFOV = 42.999908
ViewCabLayback = 48.000000