[Player]
BallTrailStrength = 0.400000
OverrideTableEmissionScale = 0
ScreenPlayerY = 15.042355
ScreenPlayerZ = 90.039230
ScreenWidth = 0.000000
ScreenHeight = 0.000000
ScreenInclination = 0.000000
AAFactor = 0.90

[TableOverride]
ViewCabMode = 2
ViewCabScaleX = 1.177228
ViewCabScaleY = 1.085859
ViewCabScaleZ = 1.032754
ViewCabRotation = 180.000000
ViewCabHOfs = 0.009202
ViewCabVOfs = 0.000000
ViewCabWindowTop = 383.398804
ViewCabWindowBot = 98.656227

[Standalone]
B2SPlugins = 1
PUPCapture = 1
PUPPlugin = 1
