[Player]
BallTrailStrength = 0.392157
OverrideTableEmissionScale = 1
ScreenPlayerZ = 90.046921
ScreenPlayerY = 14.987705
DynamicDayNight = 0
EmissionScale = 0.400340

[TableOverride]
ViewCabMode = 2
ViewCabScaleX = 1.091676
ViewCabScaleY = 1.032920
ViewCabScaleZ = 0.876709
ViewCabRotation = 180.000000
ViewCabHOfs = 9.073299
ViewCabVOfs = 0.000000
ViewCabWindowTop = 162.163895
ViewCabWindowBot = 0.282165
ToneMapper = 1
