[Player]
BallTrailStrength = 0.490196
OverrideTableEmissionScale = 0
FXAA = 1

[TableOverride]
ViewCabMode = 0
ViewCabScaleX = 0.814618
ViewCabScaleY = 0.935367
ViewCabScaleZ = 0.904995
ViewCabRotation = 90.000000
ViewCabPlayerX = 109.588020
ViewCabPlayerY = -0.000000
ViewCabPlayerZ = -340.000000
ViewCabLookAt = 1.992800
ViewCabFOV = 42.999908
ViewCabLayback = 48.000000