[TableOverride]
ViewCabMode = 2
ViewCabScaleX = 1.074591
ViewCabScaleY = 0.999868
ViewCabScaleZ = 0.849163
ViewCabRotation = 180.000000
ViewCabHOfs = 0.000000
ViewCabVOfs = 0.000000
ViewCabWindowTop = 73.767944
ViewCabWindowBot = 0.179253

[Player]
ScreenPlayerY = 14.976651