[Player]
BallTrail = 0
BallTrailStrength = 0.490196
OverrideTableEmissionScale = 0
ScreenPlayerZ = 90.001129
ScreenPlayerY = 14.982049

[TableOverride]
ViewCabMode = 2
ViewCabScaleX = 1.027922
ViewCabScaleY = 0.941328
ViewCabScaleZ = 0.919985
ViewCabRotation = 180.000000
ViewCabHOfs = 0.012700
ViewCabVOfs = 0.000000
ViewCabWindowTop = 200.002991
ViewCabWindowBot = 0.024229
