[Player]
BallTrailStrength = 0.490196
OverrideTableEmissionScale = 0
ScreenPlayerY = 29.957560
ScreenPlayerZ = 100.033417
ScreenWidth = 0.000000
ScreenHeight = 0.000000
ScreenInclination = 0.000000
DynamicDayNight = 0
EmissionScale = 0.302865


[TableOverride]
ViewCabMode = 2
ViewCabScaleX = 1.219897
ViewCabScaleY = 1.070263
ViewCabScaleZ = 1.043933
ViewCabRotation = 180.000000
ViewCabHOfs = -0.036200
ViewCabVOfs = -70.034836
ViewCabWindowTop = 157.817978
ViewCabWindowBot = 111.446228
ToneMapper = 0
