[TableOverride]
ViewCabMode = 2
ViewCabScaleX = 1.176447
ViewCabScaleY = 1.000122
ViewCabScaleZ = 0.996211
ViewCabRotation = 180.000000
ViewCabHOfs = 0.038400
ViewCabVOfs = 0.020296
ViewCabWindowTop = 335.455841
ViewCabWindowBot = 54.520267

[Player]
JoyAddCredit2Key = 1
ScreenPlayerZ = 90.010628
ScreenWidth = 0.000000
ScreenHeight = 0.000000
ScreenInclination = 0.000000
OverrideTableEmissionScale = 1
DynamicDayNight = 0
EmissionScale = 1.000000
ScreenPlayerX = 0.026700
ScreenPlayerY = 14.957751

[TableOption]
Cabinet Mode = 1.000000
Mech Volume = 1.000000
Ramp Volume = 1.000000
Ball Roll Volume = 1.000000
Staged Flippers = 0.000000
