[TableOverride]
ViewCabMode = 2
ViewCabScaleX = 1.300211
ViewCabScaleY = 1.020362
ViewCabScaleZ = 0.996211
ViewCabRotation = 180.000000
ViewCabHOfs = 3.959099
ViewCabVOfs = 2.200094
ViewCabWindowTop = 333.260742
ViewCabWindowBot = 138.340256

[Player]
JoyAddCredit2Key = 1
ScreenPlayerZ = 100.012512
ScreenWidth = 0.000000
ScreenHeight = 0.000000
ScreenInclination = 0.000000
OverrideTableEmissionScale = 1
DynamicDayNight = 0
EmissionScale = 1.000000
MaxTexDimension = 3072
FXAA = 1
ScreenPlayerX = -0.030400

[TableOption]
Cabinet Mode = 1.000000
Mech Volume = 1.000000
Ramp Volume = 1.000000
Ball Roll Volume = 1.000000
Staged Flippers = 0.000000

[Standalone]
WindowRenderMode = 0
BackBufferScale = 0.40
