[TableOverride]
ViewCabMode = 1
ViewCabScaleX = 1.235042
ViewCabScaleY = 1.030393
ViewCabScaleZ = 1.064970
ViewCabRotation = 90.000000
ViewCabPlayerX = 0.381000
ViewCabPlayerY = -92.657883
ViewCabPlayerZ = 1501.613037
ViewCabLookAt = 12.992802
ViewCabFOV = 44.534603
ViewCabHOfs = 0.016200
ViewCabVOfs = 53.473915