[Standalone]
BackBufferScale = 0.666666

[Player]
AAFactor = 0.90 

[TableOverride]
ViewCabMode = 2
ViewCabScaleX = 1.297940
ViewCabScaleY = 1.044127
ViewCabScaleZ = 0.920351
ViewCabRotation = 180.000000
ViewCabHOfs = 0.000000
ViewCabVOfs = 0.019212
ViewCabWindowTop = 276.650879
ViewCabWindowBot = 83.953270