[Player]
BallTrailStrength = 0.196078
OverrideTableEmissionScale = 1
DynamicDayNight = 0
EmissionScale = 0.234755

[TableOverride]
ToneMapper = 0
ViewCabMode = 0
ViewCabScaleX = 0.740367
ViewCabScaleY = 0.950272
ViewCabScaleZ = 1.000395
ViewCabRotation = 90.000000
ViewCabPlayerX = 142.821899
ViewCabPlayerY = 0.431000
ViewCabPlayerZ = -787.560120
ViewCabLookAt = 5.469903
ViewCabFOV = 44.980927
ViewCabLayback = 60.021725