[TableOverride]
ViewCabMode = 2
ViewCabScaleX = 1.301170
ViewCabScaleY = 0.991999
ViewCabScaleZ = 0.860382
ViewCabRotation = 180.000000
ViewCabHOfs = 0.000000
ViewCabVOfs = 0.041922
ViewCabWindowTop = 391.934998
ViewCabWindowBot = 175.495300