[Player]
BallTrailStrength = 0.196078
OverrideTableEmissionScale = 1
DynamicDayNight = 0
EmissionScale = 0.234755

[TableOverride]
ToneMapper = 0
ViewCabMode = 0
ViewCabScaleX = 0.959210
ViewCabScaleY = 1.405332
ViewCabScaleZ = 0.931762
ViewCabRotation = 90.000000
ViewCabPlayerX = 135.884003
ViewCabPlayerY = 6.708999
ViewCabPlayerZ = -340.000000
ViewCabLookAt = 5.000000
ViewCabFOV = 42.999908
ViewCabLayback = 48.000000