[TableOverride]
ViewCabMode = 0
ViewCabScaleX = 0.974147
ViewCabScaleY = 1.093945
ViewCabScaleZ = 1.106854
ViewCabRotation = 90.000000
ViewCabPlayerX = -42.291000
ViewCabPlayerY = -0.000000
ViewCabPlayerZ = -340.000000
ViewCabLookAt = 5.000000
ViewCabFOV = 42.999908
ViewCabLayback = 48.197910