[Player]
BallTrailStrength = 0.490196
OverrideTableEmissionScale = 1
ScreenPlayerY = 20.036369
ScreenPlayerZ = 100.021317
ScreenWidth = 0.000000
ScreenHeight = 0.000000
ScreenInclination = 0.000000
DynamicDayNight = 0
EmissionScale = 0.404790
AAFactor = 2.000000

[TableOverride]
ViewCabMode = 2
ViewCabScaleX = 1.190043
ViewCabScaleY = 1.109794
ViewCabScaleZ = 1.043146
ViewCabRotation = 180.000000
ViewCabHOfs = -0.036200
ViewCabVOfs = -56.979324
ViewCabWindowTop = 333.050934
ViewCabWindowBot = 213.090179
ToneMapper = 0

[Standalone]
BackBufferScale = 0.416666

[TableOption]
VR Room = 0.000000