[TableOverride]
ViewCabMode = 0
ViewCabScaleX = 0.753252
ViewCabScaleY = 0.849312
ViewCabScaleZ = 0.904995
ViewCabRotation = 90.000000
ViewCabPlayerX = 27.516031
ViewCabPlayerY = -0.000000
ViewCabPlayerZ = -340.000000
ViewCabLookAt = 5.000000
ViewCabFOV = 42.999908
ViewCabLayback = 48.000000