[TableOverride]
ViewCabMode = 0
ViewCabScaleX = 0.875262
ViewCabScaleY = 0.875321
ViewCabScaleZ = 0.904995
ViewCabRotation = 90.000000
ViewCabPlayerX = -16.186995
ViewCabPlayerY = -9.293001
ViewCabPlayerZ = -340.000000
ViewCabLookAt = 5.000000
ViewCabFOV = 42.999908
ViewCabLayback = 48.000000