[TableOverride]
ViewCabMode = 0
ViewCabScaleX = 0.839249
ViewCabScaleY = 1.099965
ViewCabScaleZ = 0.904995
ViewCabRotation = 90.000000
ViewCabPlayerX = -5.429996
ViewCabPlayerY = -0.000000
ViewCabPlayerZ = -340.000000
ViewCabLookAt = 5.000000
ViewCabFOV = 28.085213
ViewCabLayback = 48.000000