[Player]
BallTrailStrength = 0.298039
AlphaRampAccuracy = 10
OverrideTableEmissionScale = 0

[TableOverride]
ViewCabMode = 0
ViewCabScaleX = 0.753513
ViewCabScaleY = 0.930306
ViewCabScaleZ = 0.904995
ViewCabRotation = 90.000000
ViewCabPlayerX = -3.933998
ViewCabPlayerY = -0.000000
ViewCabPlayerZ = -340.000000
ViewCabLookAt = 0.032103
ViewCabFOV = 53.948498
ViewCabLayback = 61.171989