[Player]
BallTrailStrength = 0.490196
OverrideTableEmissionScale = 0
JoyAddCredit2Key = 1
FXAA = 1

[TableOverride]
ViewCabMode = 0
ViewCabScaleX = 0.830262
ViewCabScaleY = 1.124914
ViewCabScaleZ = 0.904995
ViewCabRotation = 90.000000
ViewCabPlayerX = -20.394995
ViewCabPlayerY = 0.558000
ViewCabPlayerZ = -340.000000
ViewCabLookAt = 5.000000
ViewCabFOV = 42.999908
ViewCabLayback = 48.000000