[Player]
BallTrail = 0
BallTrailStrength = 0.000000
OverrideTableEmissionScale = 1
ScreenPlayerZ = 89.985390
ScreenWidth = 0.000000
ScreenHeight = 0.000000
ScreenInclination = 0.000000
DynamicDayNight = 0
EmissionScale = 0.532900
ScreenPlayerY = 14.978894
ScreenPlayerX = 0.027400

[TableOverride]
ViewCabMode = 2
ViewCabScaleX = 1.238425
ViewCabScaleY = 1.011784
ViewCabScaleZ = 1.000000
ViewCabRotation = 180.000000
ViewCabHOfs = 0.000000
ViewCabVOfs = 0.017798
ViewCabWindowTop = 359.479095
ViewCabWindowBot = 43.212212

[TableOption]
Select LUT = 0.000000
Desktop DMD = 0.000000
Cabinet Rails = 0.000000
Side Blades = 1.000000