[Player]
BallTrail = 0
BallTrailStrength = 0.000000
OverrideTableEmissionScale = 1
ScreenPlayerZ = 105.285141
ScreenWidth = 0.000000
ScreenHeight = 0.000000
ScreenInclination = 0.000000
DynamicDayNight = 0
EmissionScale = 0.532900
ScreenPlayerY = 65.308937
ScreenPlayerX = 0.027400
FXAA = 4
AAFactor = 0.95

[TableOverride]
ViewCabMode = 2
ViewCabScaleX = 1.227667
ViewCabScaleY = 1.071882
ViewCabScaleZ = 1.000000
ViewCabRotation = 180.000000
ViewCabHOfs = 0.000000
ViewCabVOfs = -36.246326
ViewCabWindowTop = 457.199127
ViewCabWindowBot = 21.792217
