[Player]
BallTrailStrength = 0.490196
OverrideTableEmissionScale = 0
JoyAddCredit2Key = 1
FXAA = 1

[TableOverride]
ViewCabMode = 0
ViewCabScaleX = 0.689608
ViewCabScaleY = 0.873413
ViewCabScaleZ = 1.000018
ViewCabRotation = 90.000000
ViewCabPlayerX = 39.292011
ViewCabPlayerY = -0.599000
ViewCabPlayerZ = -1161.130005
ViewCabLookAt = 7.280297
ViewCabFOV = 29.976408
ViewCabLayback = 59.956009
