
[TableOverride]
ViewCabMode = 0
ViewCabScaleX = 0.809639
ViewCabScaleY = 1.127656
ViewCabScaleZ = 0.904995
ViewCabRotation = 90.000000
ViewCabPlayerX = 36.914993
ViewCabPlayerY = -0.048000
ViewCabPlayerZ = -340.000000
ViewCabLookAt = 5.000000
ViewCabFOV = 42.999908
ViewCabLayback = 97.047119