[Player]
BallTrailStrength = 0.490196
OverrideTableEmissionScale = 0
ScreenPlayerY = 12.349250
ScreenPlayerZ = 93.257668
ScreenWidth = 0.000000
ScreenHeight = 0.000000
ScreenInclination = 0.000000

[TableOverride]
ViewCabMode = 2
ViewCabScaleX = 1.082805
ViewCabScaleY = 1.083406
ViewCabScaleZ = 0.894495
ViewCabRotation = 180.000000
ViewCabHOfs = 0.000000
ViewCabVOfs = -50.480217
ViewCabWindowTop = 377.541931
ViewCabWindowBot = 110.953217