[Standalone]
WindowRenderMode = 0

[Player]
ScreenPlayerY = 17.328304
ScreenPlayerZ = 119.974312
ScreenWidth = 0.000000
ScreenHeight = 0.000000
ScreenInclination = 0.000000
ScreenPlayerX = 0.007500

[TableOverride]
ViewCabMode = 2
ViewCabScaleX = 1.200150
ViewCabScaleY = 0.984314
ViewCabScaleZ = 0.998284
ViewCabRotation = 180.000000
ViewCabHOfs = 0.739400
ViewCabVOfs = 13.387705
ViewCabWindowTop = 277.386902
ViewCabWindowBot = 78.090202