[TableOverride]
ViewCabMode = 0
ViewCabScaleX = 0.749672
ViewCabScaleY = 1.086896
ViewCabScaleZ = 0.904995
ViewCabRotation = 90.000000
ViewCabPlayerX = 13.941000
ViewCabPlayerY = 3.470000
ViewCabPlayerZ = -340.000000
ViewCabLookAt = 5.000000
ViewCabFOV = 42.999908
ViewCabLayback = 48.000000