[Player]
BallTrailStrength = 0.490196

[Standalone]
B2SHideGrill = 0

[TableOverride]
ViewDTLookAt = 46.400002
ViewDTFOV = 47.000004
ViewDTLayback = 13.600000
ViewDTRotation = 0.000000
ViewDTScaleX = 1.424000
ViewDTScaleY = 1.210000
ViewDTScaleZ = 1.000000
ViewDTPlayerX = 5.000000
ViewDTPlayerY = 15.000000
ViewDTPlayerZ = 0.000000
ViewCabLookAt = 8.000000
ViewCabFOV = 17.000000
ViewCabLayback = 30.000000
ViewCabRotation = 90.000000
ViewCabScaleX = 1.145000
ViewCabScaleY = 1.270000
ViewCabScaleZ = 1.000000
ViewCabPlayerX = -35.000000
ViewCabPlayerY = 0.000000
ViewCabPlayerZ = 0.000000
ViewFSSLookAt = 52.000000
ViewFSSFOV = 46.000000
ViewFSSLayback = 0.000000
ViewFSSRotation = 0.000000
ViewFSSScaleX = 1.000000
ViewFSSScaleY = 1.140000
ViewFSSScaleZ = 1.000000
ViewFSSPlayerX = 0.000000
ViewFSSPlayerY = -34.000000
ViewFSSPlayerZ = -90.000000
ViewCabMode = 0