[Player]
BallTrailStrength = 0.490196
OverrideTableEmissionScale = 0
ScreenPlayerY = 22
ScreenPlayerZ = 100.286720
ScreenWidth = 0.000000
ScreenHeight = 0.000000
ScreenInclination = 0.000000

[TableOverride]
ViewCabMode = 2
ViewCabScaleX = 1.193751
ViewCabScaleY = 1.022801
ViewCabScaleZ = 0.853993
ViewCabRotation = 180.000000
ViewCabHOfs = 0.000000
ViewCabVOfs = -2.007740
ViewCabWindowTop = 372.663971
ViewCabWindowBot = 69.592209

[Standalone]
BackBufferScale = 0.416666
WindowRenderMode = 0