[Player]
BallTrailStrength = 0.490196
OverrideTableEmissionScale = 1
ScreenPlayerY = 14.985304
ScreenPlayerZ = 89.977821
ScreenWidth = 0.000000
ScreenHeight = 0.000000
ScreenInclination = 0.000000
DynamicDayNight = 0
EmissionScale = 0.499990

[TableOverride]
ViewCabMode = 2
ViewCabScaleX = 1.203923
ViewCabScaleY = 1.000239
ViewCabScaleZ = 0.827199
ViewCabRotation = 180.000000
ViewCabHOfs = 0.000000
ViewCabVOfs = 0.000000
ViewCabWindowTop = 292.302124
ViewCabWindowBot = 0.082193

