[TableOverride]
ViewCabMode = 1
ViewCabScaleX = 1.150451
ViewCabScaleY = 0.980352
ViewCabScaleZ = 1.100092
ViewCabRotation = 90.000000
ViewCabPlayerX = 0.000000
ViewCabPlayerY = -151.114868
ViewCabPlayerZ = 1404.774048
ViewCabLookAt = 5.970701
ViewCabFOV = 44.006813
ViewCabHOfs = 0.018500
ViewCabVOfs = 70.122749