[Player]
BallTrailStrength = 0.490196
OverrideTableEmissionScale = 1
ScreenPlayerY = 21.324892
ScreenPlayerZ = 106.326637
ScreenWidth = 0.000000
ScreenHeight = 0.000000
ScreenInclination = 0.000000
JoyAddCredit2Key = 1
DynamicDayNight = 0
EmissionScale = 0.501785
AAFactor = 0.85

[TableOverride]
ViewCabMode = 2
ViewCabScaleX = 1.235763
ViewCabScaleY = 1.056243
ViewCabScaleZ = 1.000000
ViewCabRotation = 180.000000
ViewCabHOfs = 0.000000
ViewCabVOfs = -7.366811
ViewCabWindowTop = 386.340942
ViewCabWindowBot = 92.580193

[Standalone]
BackBufferScale = 0.416666
