[TableOverride]
ViewCabMode = 1
ViewCabScaleX = 1.211093
ViewCabScaleY = 1.087388
ViewCabScaleZ = 1.105699
ViewCabRotation = 90.000000
ViewCabPlayerX = 0.000000
ViewCabPlayerY = -151.114868
ViewCabPlayerZ = 1404.774048
ViewCabLookAt = 11.406299
ViewCabFOV = 47.299793
ViewCabHOfs = 0.221300
ViewCabVOfs = 54.891842