[Player]
BallTrailStrength = 0.490196

[TableOverride]
ViewCabMode = 1
ViewCabScaleX = 1.031
ViewCabScaleY = 0.833
ViewCabScaleZ = 1.018
ViewCabRotation = 90.000000
ViewCabPlayerX = 0.000000
ViewCabPlayerY = -151.114868
ViewCabPlayerZ = 1404.774048
ViewCabLookAt = 5.000000
ViewCabFOV = 44.111809
ViewCabHOfs = 0.221300
ViewCabVOfs = 77.5