[Player]
OverrideTableEmissionScale = 1
DynamicDayNight = 0
EmissionScale = 0.299605
ScreenPlayerY = 15.001401
ScreenPlayerZ = 90.000610

[TableOverride]
ViewCabMode = 2
ViewCabScaleX = 1.229544
ViewCabScaleY = 1.017630
ViewCabScaleZ = 1.000000
ViewCabRotation = 180.000000
ViewCabHOfs = 0.000000
ViewCabVOfs = 0.000000
ViewCabWindowTop = 347.088898
ViewCabWindowBot = 0.286183
