[TableOverride]
ViewCabMode = 2
ViewCabScaleX = 1.357429
ViewCabScaleY = 1.150314
ViewCabScaleZ = 0.998905
ViewCabRotation = 180.000000
ViewCabHOfs = 0.000000
ViewCabVOfs = -5.156219
ViewCabWindowTop = 375.327911
ViewCabWindowBot = 126.187225

[Player]
BallTrailStrength = 0.392157
ScreenPlayerY = 16.266800
ScreenPlayerZ = 87.264244
OverrideTableEmissionScale = 1
DynamicDayNight = 0
EmissionScale = 0.225940
ScreenWidth = 0.000000
ScreenHeight = 0.000000
ScreenInclination = 0.000000
