[Player]
BallTrailStrength = 0.392157
OverrideTableEmissionScale = 0
FXAA = 1

[TableOverride]
ViewCabMode = 0
ViewCabScaleX = 0.802993
ViewCabScaleY = 1.023739
ViewCabScaleZ = 0.904995
ViewCabRotation = 90.000000
ViewCabPlayerX = 43.585987
ViewCabPlayerY = 16.419003
ViewCabPlayerZ = -340.000000
ViewCabLookAt = 5.000000
ViewCabFOV = 42.999908
ViewCabLayback = 48.000000