[TableOverride]
ViewCabMode = 2
ViewCabScaleX = 1.233366
ViewCabScaleY = 1.033103
ViewCabScaleZ = 0.874843
ViewCabRotation = 180.000000
ViewCabHOfs = 0.000000
ViewCabVOfs = 0.000000
ViewCabWindowTop = 199.215897
ViewCabWindowBot = 0.651212

[Player]
BallTrailStrength = 0.392157
ScreenPlayerY = 16.266800
ScreenPlayerZ = 87.264244
OverrideTableEmissionScale = 1
DynamicDayNight = 0
EmissionScale = 0.225940
ScreenWidth = 0.000000
ScreenHeight = 0.000000
ScreenInclination = 0.000000