[Standalone]
BackBufferScale = 0.355729

[Player]
BallTrailStrength = 0.490196
OverrideTableEmissionScale = 0
MaxTexDimension = 3072
FXAA = 1

[TableOverride]
ViewCabMode = 0
ViewCabScaleX = 0.687203
ViewCabScaleY = 0.880783
ViewCabScaleZ = 0.904995
ViewCabRotation = 90.000000
ViewCabPlayerX = -48.500000
ViewCabPlayerY = -0.000000
ViewCabPlayerZ = -340.000000
ViewCabLookAt = 5.000000
ViewCabFOV = 42.999908
ViewCabLayback = 48.000000