[Standalone]
BackBufferScale = 0.416666

[Player]
BallTrailStrength = 0.490196
OverrideTableEmissionScale = 0
MaxTexDimension = 3072
FXAA = 4
AAFactor = 0.95
ScreenPlayerX = -0.014850
ScreenPlayerY = -3.614450
ScreenPlayerZ = 69.955223

[TableOverride]
ViewCabMode = 2
ViewCabScaleX = 1.245873
ViewCabScaleY = 1.059824
ViewCabScaleZ = 1.078863
ViewCabRotation = 180.000000
ViewCabHOfs = -0.035797
ViewCabVOfs = -19.229912
ViewCabWindowTop = 339.628845
ViewCabWindowBot = 143.932251
ToneMapper = 0
