[Player]
BallTrailStrength = 0.490196
AlphaRampAccuracy = 10
OverrideTableEmissionScale = 1
ScreenPlayerY = 14.955556
ScreenPlayerZ = 89.964203
ScreenWidth = 0.000000
ScreenHeight = 0.000000
ScreenInclination = 0.000000
DynamicDayNight = 0
EmissionScale = 0.188605
AAFactor = 0.90

[TableOverride]
ViewCabMode = 2
ViewCabScaleX = 1.253041
ViewCabScaleY = 1.009627
ViewCabScaleZ = 0.905508
ViewCabRotation = 180.000000
ViewCabHOfs = 0.000000
ViewCabVOfs = 0.026016
ViewCabWindowTop = 164.348083
ViewCabWindowBot = 0.663194
ToneMapper = 1