[Player]
BallTrailStrength = 0.490196
AlphaRampAccuracy = 10
OverrideTableEmissionScale = 1
ScreenPlayerY = -4.750002
ScreenPlayerZ = 100.251236
ScreenWidth = 0.000000
ScreenHeight = 0.000000
ScreenInclination = 0.000000
DynamicDayNight = 0
EmissionScale = 0.188605

[TableOverride]
ViewCabMode = 2
ViewCabScaleX = 1.254718
ViewCabScaleY = 1.079228
ViewCabScaleZ = 0.989734
ViewCabRotation = 180.000000
ViewCabHOfs = 0.000000
ViewCabVOfs = -59.621174
ViewCabWindowTop = 261.541931
ViewCabWindowBot = 92.953217
ToneMapper = 1

[Standalone]
BackBufferScale = 0.355729
