[Player]
BallTrailStrength = 0.250980
AlphaRampAccuracy = 10
OverrideTableEmissionScale = 1
ScreenPlayerZ = 99.980461
ScreenWidth = 0.000000
ScreenHeight = 0.000000
ScreenInclination = 0.000000
ScreenPlayerY = 16.043634
DynamicDayNight = 0
EmissionScale = 0.180000

[TableOverride]
ViewCabMode = 2
ViewCabScaleX = 1.081062
ViewCabScaleY = 0.997776
ViewCabScaleZ = 0.940737
ViewCabRotation = 180.000000
ViewCabHOfs = 0.047700
ViewCabVOfs = 0.000000
ViewCabWindowTop = 274.267883
ViewCabWindowBot = 80.809227
