[Player]
BallTrailStrength = 0.490196
OverrideTableEmissionScale = 0
JoyAddCredit2Key = 1

[TableOverride]
ViewCabMode = 0
ViewCabScaleX = 0.762629
ViewCabScaleY = 0.863089
ViewCabScaleZ = 0.904995
ViewCabRotation = 90.000000
ViewCabPlayerX = -7.714979
ViewCabPlayerY = -4.117001
ViewCabPlayerZ = -340.000000
ViewCabLookAt = 4.242002
ViewCabFOV = 42.999908
ViewCabLayback = 48.000000