[TableOverride]
ViewCabMode = 1
ViewCabScaleX = 0.777122
ViewCabScaleY = 0.742930
ViewCabScaleZ = 0.668601
ViewCabRotation = 90.000000
ViewCabPlayerX = 0.255000
ViewCabPlayerY = -151.114868
ViewCabPlayerZ = 1403.351196
ViewCabLookAt = 10.336705
ViewCabFOV = 45.651501
ViewCabHOfs = 0.023900
ViewCabVOfs = 80.919594