[Player]
BallTrailStrength = 0.392157
OverrideTableEmissionScale = 1
ScreenPlayerZ = 112.395416
DynamicDayNight = 0
EmissionScale = 0.173295
ScreenPlayerY = 16.330603
ScreenWidth = 0.000000
ScreenHeight = 0.000000
ScreenInclination = 0.000000
JoyAddCredit2Key = 1

[TableOverride]
ViewCabMode = 2
ViewCabScaleX = 1.311912
ViewCabScaleY = 1.033045
ViewCabScaleZ = 0.972999
ViewCabRotation = 180.000000
ViewCabHOfs = -2.739998
ViewCabVOfs = 5.459996
ViewCabWindowTop = 338.171021
ViewCabWindowBot = 116.642220

[Standalone]
BackBufferScale = 0.416666