[Player]
ScreenPlayerZ = 112.395416
ScreenPlayerY = 16.330603
ScreenWidth = 0.000000
ScreenHeight = 0.000000
ScreenInclination = 0.000000
JoyAddCredit2Key = 1


[TableOverride]
ViewCabMode = 2
ViewCabScaleX = 1.278881
ViewCabScaleY = 1.000015
ViewCabScaleZ = 0.939969
ViewCabRotation = 180.000000
ViewCabHOfs = 0.044701
ViewCabVOfs = 0.026396
ViewCabWindowTop = 324.142029
ViewCabWindowBot = 80.341232
ToneMapper = 
