[TableOverride]
ViewCabMode = 0
ViewCabScaleX = 1.003776
ViewCabScaleY = 1.185039
ViewCabScaleZ = 0.904995
ViewCabRotation = 90.000000
ViewCabPlayerX = 34.937119
ViewCabPlayerY = -0.852001
ViewCabPlayerZ = 0.300096
ViewCabLookAt = 4.998601
ViewCabFOV = 42.999908
ViewCabLayback = 48.000000

[Standalone]
BackBufferScale = 0.416666