[Player]
JoyAddCredit2Key = 1
ScreenPlayerY = 15.007805
ScreenPlayerZ = 89.993027

[TableOverride]
ViewCabMode = 2
ViewCabScaleX = 1.274547
ViewCabScaleY = 0.993483
ViewCabScaleZ = 1.000000
ViewCabRotation = 180.000000
ViewCabHOfs = 0.000000
ViewCabVOfs = 0.000000
ViewCabWindowTop = 171.403778
ViewCabWindowBot = 138.953217