[TableOverride]
ViewCabMode = 2
ViewCabScaleX = 1.095233
ViewCabScaleY = 1.001967
ViewCabScaleZ = 0.804567
ViewCabRotation = 180.000000
ViewCabHOfs = -0.106098
ViewCabVOfs = 22.452152
ViewCabWindowTop = 122.034119
ViewCabWindowBot = 40.666237

[Player]
ScreenPlayerY = 3.161327
ScreenPlayerZ = 100.312576
ScreenWidth = 0.000000
ScreenHeight = 0.000000
ScreenInclination = 0.000000
ScreenPlayerX = -1.742950

[Standalone]
BackBufferScale = 0.416666

