[Player]
BallTrail = 0
BallTrailStrength = 0.392157
AlphaRampAccuracy = 10
OverrideTableEmissionScale = 0

[TableOverride]
ViewCabMode = 0
ViewCabScaleX = 0.779168
ViewCabScaleY = 0.912936
ViewCabScaleZ = 0.907410
ViewCabRotation = 90.000000
ViewCabPlayerX = 27.739002
ViewCabPlayerY = -0.000000
ViewCabPlayerZ = -340.000000
ViewCabLookAt = 2.397100
ViewCabFOV = 42.999908
ViewCabLayback = 48.000000