[Player]
BallTrailStrength = 0.490196
OverrideTableEmissionScale = 0

[TableOverride]
ViewCabMode = 0
ViewCabScaleX = 0.904532
ViewCabScaleY = 1.108552
ViewCabScaleZ = 0.904995
ViewCabRotation = 90.000000
ViewCabPlayerX = 41.076988
ViewCabPlayerY = -9.709999
ViewCabPlayerZ = -340.000000
ViewCabLookAt = 6.901300
ViewCabFOV = 14.027115
ViewCabLayback = 48.000000