[Player]
BallTrail = 1
BallTrailStrength = 0.400000
OverrideTableEmissionScale = 0

[TableOverride]
ViewCabMode = 0
ViewCabScaleX = 0.923837
ViewCabScaleY = 1.056101
ViewCabScaleZ = 1.078514
ViewCabRotation = 90.000000
ViewCabPlayerX = -77.740974
ViewCabPlayerY = 1.740002
ViewCabPlayerZ = -352.900177
ViewCabLookAt = 0.802202
ViewCabFOV = 42.999908
ViewCabLayback = 48.000000