[Player]
BallTrailStrength = 0.392157
AlphaRampAccuracy = 10
OverrideTableEmissionScale = 1
ScreenPlayerZ = 90.000931
DynamicDayNight = 0
EmissionScale = 0.500865
ScreenPlayerY = 15.012703
AAFactor = 0.90

[TableOverride]
ViewCabMode = 2
ViewCabScaleX = 1.136237
ViewCabScaleY = 1.000246
ViewCabScaleZ = 0.822388
ViewCabRotation = 180.000000
ViewCabHOfs = 9.637702
ViewCabVOfs = 0.040800
ViewCabWindowTop = 138.449051
ViewCabWindowBot = -99.683891
