[Standalone]
B2SHideGrill = 1
BackBufferScale = 0.416666

[Player]
BallTrailStrength = 0.490196
OverrideTableEmissionScale = 0

[TableOverride]
ViewCabMode = 0
ViewCabScaleX = 0.821040
ViewCabScaleY = 1.088109
ViewCabScaleZ = 0.904995
ViewCabRotation = 90.000000
ViewCabPlayerX = 12.548971
ViewCabPlayerY = -0.000000
ViewCabPlayerZ = -340.000000
ViewCabLookAt = 5.000000
ViewCabFOV = 25.737509
ViewCabLayback = 48.000000