[TableOverride]
ViewCabMode = 2
ViewCabScaleX = 1.146082
ViewCabScaleY = 0.992068
ViewCabScaleZ = 0.796117
ViewCabRotation = 180.000000
ViewCabHOfs = 0.045000
ViewCabVOfs = 0.000000
ViewCabWindowTop = 213.840820
ViewCabWindowBot = 83.953270

[Standalone]
BackBufferScale = 0.416666
PinMAMEWindow = 0
B2SHideB2SDMD = 1

[TableOption]
Select LUT = 0.000000
Cabinet Rails = 0.000000
Color Ramps = 2.000000
Marilyn MOD = 1.000000

[Player]
ScreenPlayerY = 14.989853
ScreenPlayerZ = 90.000122