[Player]
BallTrailStrength = 0.392157
OverrideTableEmissionScale = 1
DynamicDayNight = 0
EmissionScale = 0.147710

[TableOverride]
ViewCabMode = 2
ViewCabScaleX = 1.213124
ViewCabScaleY = 1.103787
ViewCabScaleZ = 1.043275
ViewCabRotation = 180.000000
ViewCabHOfs = 0.018900
ViewCabVOfs = -92.546623
ViewCabWindowTop = 252.670761
ViewCabWindowBot = 83.953270
ToneMapper = 0
Difficulty = 0.600680