[Player]
BallTrailStrength = 0.392157
OverrideTableEmissionScale = 1
DynamicDayNight = 0
EmissionScale = 0.147710
ScreenPlayerY = 15.026761
ScreenPlayerZ = 90.033722

[TableOverride]
ViewCabMode = 2
ViewCabScaleX = 1.146397
ViewCabScaleY = 0.992023
ViewCabScaleZ = 0.928858
ViewCabRotation = 180.000000
ViewCabHOfs = 0.018900
ViewCabVOfs = 0.000000
ViewCabWindowTop = 50.038712
ViewCabWindowBot = 37.498272
ToneMapper = 0
