[Player]
BallTrailStrength = 0.392157
OverrideTableEmissionScale = 1
DynamicDayNight = 0
EmissionScale = 0.147710

[TableOverride]
ViewCabMode = 2
ViewCabScaleX = 1.246556
ViewCabScaleY = 1.170952
ViewCabScaleZ = 1.076707
ViewCabRotation = 180.000000
ViewCabHOfs = -1.340300
ViewCabVOfs = -133.754547
ViewCabWindowTop = 252.670761
ViewCabWindowBot = 83.953270
ToneMapper = 0
Difficulty = 0.600680
