[Player]
BallTrailStrength = 0.392157
AlphaRampAccuracy = 10
OverrideTableEmissionScale = 0
ScreenPlayerZ = 89.991310
ScreenWidth = 0.000000
ScreenHeight = 0.000000
ScreenInclination = 0.000000
ScreenPlayerY = 15.025158

[TableOverride]
ViewCabMode = 2
ViewCabScaleX = 1.222653
ViewCabScaleY = 0.999567
ViewCabScaleZ = 1.000000
ViewCabRotation = 180.000000
ViewCabHOfs = 0.000000
ViewCabVOfs = 0.003178
ViewCabWindowTop = 288.981812
ViewCabWindowBot = 80.496216