[Player]
BallTrailStrength = 0.109804
OverrideTableEmissionScale = 0
ScreenPlayerZ = 94.325035
ScreenWidth = 0.000000
ScreenHeight = 0.000000
ScreenInclination = 0.000000
MaxTexDimension = 3072
FXAA = 1

[TableOverride]
ViewCabMode = 2
ViewCabScaleX = 1.185181
ViewCabScaleY = 1.057856
ViewCabScaleZ = 1.000000
ViewCabRotation = 180.000000
ViewCabHOfs = 0.000000
ViewCabVOfs = -5.304996
ViewCabWindowTop = 370.541931
ViewCabWindowBot = 79.485214