[Player]
BallTrailStrength = 0.490196
ScreenPlayerY = 15.000001
ScreenPlayerZ = 85.300934

[TableOverride]
ViewCabMode = 2
ViewCabScaleX = 1.110661
ViewCabScaleY = 1.042568
ViewCabScaleZ = 0.800005
ViewCabRotation = 180.000000
ViewCabHOfs = 0.020000
ViewCabVOfs = 6.964385
ViewCabWindowTop = 113.541931
ViewCabWindowBot = -157.046783

[Standalone]
BackBufferScale = 0.333333