[Player]
BallTrailStrength = 0.392157
OverrideTableEmissionScale = 0

[TableOverride]
ViewCabMode = 0
ViewCabScaleX = 0.820699
ViewCabScaleY = 0.953182
ViewCabScaleZ = 0.906381
ViewCabRotation = 90.000000
ViewCabPlayerX = -7.771993
ViewCabPlayerY = 0.483000
ViewCabPlayerZ = -355.000000
ViewCabLookAt = 5.000000
ViewCabFOV = 42.999908
ViewCabLayback = 48.000000

[Standalone]
BackBufferScale = 0.333333