[Player]
BallTrailStrength = 0.490196
ScreenPlayerY = 15.000001
ScreenPlayerZ = 85.300934

[TableOverride]
ViewCabMode = 2
ViewCabScaleX = 0.999873
ViewCabScaleY = 0.955125
ViewCabScaleZ = 0.800005
ViewCabRotation = 180.000000
ViewCabHOfs = 0.020000
ViewCabVOfs = 48.793274
ViewCabWindowTop = 113.541931
ViewCabWindowBot = -157.046783

[Standalone]
BackBufferScale = 0.333333