[Standalone]
PinMAMEWindow = 0
B2SHideB2SDMD = 1
BackBufferScale = 0.416666

[Player]
BallTrailStrength = 0.490196
ScreenPlayerY = 15.000001
ScreenPlayerZ = 89.999001

[TableOverride]
ViewCabMode = 2
ViewCabScaleX = 1.111167
ViewCabScaleY = 0.998235
ViewCabScaleZ = 0.800005
ViewCabRotation = 180.000000
ViewCabHOfs = 0.020000
ViewCabVOfs = 0.000000
ViewCabWindowTop = 205.140884
ViewCabWindowBot = 0.464195
