[Player]
BallTrailStrength = 0.490196
OverrideTableEmissionScale = 1
DynamicDayNight = 0
EmissionScale = 1.000000

[TableOverride]
ViewCabMode = 0
ViewCabScaleX = 0.782063
ViewCabScaleY = 0.825749
ViewCabScaleZ = 0.900033
ViewCabRotation = 90.000000
ViewCabPlayerX = 53.818043
ViewCabPlayerY = -1.245001
ViewCabPlayerZ = -340.000000
ViewCabLookAt = 0.863900
ViewCabFOV = 42.999908
ViewCabLayback = 48.000000