[Player]
BallTrailStrength = 0.490196
AlphaRampAccuracy = 10
OverrideTableEmissionScale = 1
ScreenPlayerY = -4.750002
ScreenPlayerZ = 100.251236
ScreenWidth = 0.000000
ScreenHeight = 0.000000
ScreenInclination = 0.000000
DynamicDayNight = 0
EmissionScale = 0.216895
MusicVolume = 2
SoundVolume = 15

[TableOverride]
ViewCabMode = 2
ViewCabScaleX = 1.178536
ViewCabScaleY = 1.097283
ViewCabScaleZ = 1.007788
ViewCabRotation = 180.000000
ViewCabHOfs = 0.000000
ViewCabVOfs = -74.862152
ViewCabWindowTop = 261.541931
ViewCabWindowBot = 92.953217
ToneMapper = 0
Difficulty = 0.206615