[Player]
BallTrailStrength = 0.490196
OverrideTableEmissionScale = 0

[TableOverride]
ViewCabMode = 0
ViewCabScaleX = 0.776153
ViewCabScaleY = 1.048832
ViewCabScaleZ = 0.904995
ViewCabRotation = 90.000000
ViewCabPlayerX = -28.088999
ViewCabPlayerY = 5.150000
ViewCabPlayerZ = -340.000000
ViewCabLookAt = 5.000000
ViewCabFOV = 42.999908
ViewCabLayback = 48.000000