[Player]
BallTrailStrength = 0.490196
OverrideTableEmissionScale = 0
ScreenPlayerY = 14.986401
ScreenPlayerZ = 90.043137
AAFactor = 0.90

[TableOverride]
ViewCabMode = 2
ViewCabScaleX = 1.221642
ViewCabScaleY = 1.036615
ViewCabScaleZ = 1.000000
ViewCabRotation = 180.000000
ViewCabHOfs = 0.000000
ViewCabVOfs = 0.000000
ViewCabWindowTop = 244.035736
ViewCabWindowBot = 0.605207