[Standalone]
WindowRenderMode = 0
BackBufferScale = 0.416666

[TableOverride]
ViewCabMode = 0
ViewCabScaleX = 0.865850
ViewCabScaleY = 0.994028
ViewCabScaleZ = 0.904995
ViewCabRotation = 90.000000
ViewCabPlayerX = -8.746997
ViewCabPlayerY = -0.000000
ViewCabPlayerZ = -340.000000
ViewCabLookAt = 5.000000
ViewCabFOV = 42.999908
ViewCabLayback = 48.000000

[Player]
JoyAddCredit2Key = 1