[Player]
BallTrailStrength = 0.098039
OverrideTableEmissionScale = 1
DynamicDayNight = 0
EmissionScale = 0.100000
ScreenPlayerZ = 120.002441

[TableOverride]
ViewCabMode = 2
ViewCabScaleX = 1.220484
ViewCabScaleY = 1.080512
ViewCabScaleZ = 1.000000
ViewCabRotation = 180.000000
ViewCabHOfs = 0.000000
ViewCabVOfs = -9.640030
ViewCabWindowTop = 370.541931
ViewCabWindowBot = 85.953217