[Player]
BallTrailStrength = 0.329412
OverrideTableEmissionScale = 1
DynamicDayNight = 0
EmissionScale = 0.296580
ScreenPlayerY = 14.975095
ScreenPlayerZ = 89.993698

[TableOverride]
ViewCabMode = 2
ViewCabScaleX = 1.252475
ViewCabScaleY = 1.001497
ViewCabScaleZ = 0.938218
ViewCabRotation = 180.000000
ViewCabHOfs = 0.000000
ViewCabVOfs = 0.013634
ViewCabWindowTop = 146.500763
ViewCabWindowBot = -71.247795
ToneMapper = 0