[Standalone]
WindowRenderMode = 0

[TableOverride]
ViewCabMode = 0
ViewCabScaleX = 0.770208
ViewCabScaleY = 1.025148
ViewCabScaleZ = 0.904995
ViewCabRotation = 90.000000
ViewCabPlayerX = -35.043007
ViewCabPlayerY = -0.000000
ViewCabPlayerZ = -340.000000
ViewCabLookAt = 5.000000
ViewCabFOV = 42.999908
ViewCabLayback = 48.000000