[Player]
BallTrailStrength = 0.121569
OverrideTableEmissionScale = 1
DynamicDayNight = 0
EmissionScale = 0.499746

[TableOverride]
ViewCabMode = 0
ViewCabScaleX = 1.061145
ViewCabScaleY = 0.880864
ViewCabScaleZ = 0.898845
ViewCabRotation = 90.000000
ViewCabPlayerX = -38.373013
ViewCabPlayerY = -0.000000
ViewCabPlayerZ = -340.000000
ViewCabLookAt = 5.000000
ViewCabFOV = 42.999908
ViewCabLayback = 48.000000
Difficulty = 0.400965