[Standalone]
BackBufferScale = 0.416666

[Player]
BallTrailStrength = 0.400000
OverrideTableEmissionScale = 0
ScreenPlayerZ = 95.050919

[TableOverride]
ViewCabMode = 2
ViewCabScaleX = 1.366473
ViewCabScaleY = 1.129512
ViewCabScaleZ = 1.005500
ViewCabRotation = 180.000000
ViewCabHOfs = 0.000000
ViewCabVOfs = -72.779800
ViewCabWindowTop = 386.541931
ViewCabWindowBot = 78.953217