[Standalone]
B2SHideB2SDMD = 1
B2SDMDAutoPlacePinMAME = 0
PinMAMEWindow = 0

[TableOverride]
ViewCabMode = 2
ViewCabScaleX = 1.153829
ViewCabScaleY = 1.066895
ViewCabScaleZ = 0.858792
ViewCabRotation = 180.000000
ViewCabHOfs = 0.000000
ViewCabVOfs = 0.041922
ViewCabWindowTop = 115.681000
ViewCabWindowBot = 80.989281

[Player]
ScreenPlayerY = 15.009603
ScreenPlayerZ = 90.010857