[Standalone]
PinMAMEWindow = 0


[TableOverride]
ViewDTLookAt = 46.000000
ViewDTFOV = 40.000000
ViewDTLayback = 6.000000
ViewDTRotation = 0.000000
ViewDTScaleX = 1.200000
ViewDTScaleY = 1.100000
ViewDTScaleZ = 1.000000
ViewDTPlayerX = 0.000000
ViewDTPlayerY = 5.000000
ViewDTPlayerZ = -10.000000
ViewCabRotation = 180.000000
ViewCabScaleX = 1.055999
ViewCabScaleY = 1.128001
ViewCabScaleZ = 1.000000
ViewFSSLookAt = 52.000000
ViewFSSFOV = 45.000000
ViewFSSLayback = 0.000000
ViewFSSRotation = 0.000000
ViewFSSScaleX = 1.200000
ViewFSSScaleY = 1.100000
ViewFSSScaleZ = 1.000000
ViewFSSPlayerX = 0.000000
ViewFSSPlayerY = 30.000000
ViewFSSPlayerZ = -50.000000
Difficulty = 0.560000
ViewCabMode = 2
ViewCabHOfs = 0.000000
ViewCabVOfs = -29.313793
ViewCabWindowTop = 141.163239
ViewCabWindowBot = -0.239826

[Player]
BallTrailStrength = 0.490196
OverrideTableEmissionScale = 1
EmissionScale = 0.240000
SoundVolume = 100
MusicVolume = 100