[Player]
BallTrailStrength = 0.098039
ScreenPlayerZ = 100.301239
OverrideTableEmissionScale = 1
DynamicDayNight = 0
EmissionScale = 0.130000
ScreenWidth = 0.000000
ScreenHeight = 0.000000
ScreenInclination = 0.000000
ScreenPlayerY = 16.256104

[TableOverride]
ViewCabMode = 2
ViewCabScaleX = 1.109112
ViewCabScaleY = 1.093935
ViewCabScaleZ = 1.000000
ViewCabRotation = 180.000000
ViewCabHOfs = -4.604896
ViewCabVOfs = -39.817234
ViewCabWindowTop = 373.784912
ViewCabWindowBot = 116.245216