[Standalone]
PinMAMEWindow = 0

[Player]
BallTrailStrength = 0.098039
ScreenPlayerZ = 90.020828
OverrideTableEmissionScale = 1
DynamicDayNight = 0
EmissionScale = 0.130000
ScreenWidth = 0.000000
ScreenHeight = 0.000000
ScreenInclination = 0.000000
ScreenPlayerY = 16.256104

[TableOverride]
ViewCabMode = 2
ViewCabScaleX = 1.180061
ViewCabScaleY = 0.988947
ViewCabScaleZ = 0.895013
ViewCabRotation = 180.000000
ViewCabHOfs = 0.007505
ViewCabVOfs = 0.000000
ViewCabWindowTop = 149.894928
ViewCabWindowBot = 116.245216