[TableOverride]
ViewDTMode = 0
ViewDTScaleX = 1.042497
ViewDTScaleY = 1.000000
ViewDTScaleZ = 1.000000
ViewDTRotation = 0.000000
ViewDTPlayerX = 0.000000
ViewDTPlayerY = -3.000000
ViewDTPlayerZ = -250.000000
ViewDTLookAt = 42.200104
ViewDTFOV = 49.000000
ViewDTLayback = 0.000000
ViewCabMode = 0
ViewCabScaleX = 0.960001
ViewCabScaleY = 1.341999
ViewCabScaleZ = 1.000000
ViewCabRotation = 90.000000
ViewCabPlayerX = 36.350082
ViewCabPlayerY = 0.000000
ViewCabPlayerZ = -400.000000
ViewCabLookAt = 6.250401
ViewCabFOV = 28.000000
ViewCabLayback = 76.000000

[Player]
OverrideTableEmissionScale = 1
DynamicDayNight = 0
EmissionScale = 1.000000
MaxTexDimension = 3072
FXAA = 1

[TableOption]
Remove Trust Post = 1.000000
Left Outlane Difficulty = 1.000000
Right Outlane Difficulty = 1.000000
