[TableOverride]
ViewCabMode = 0
ViewCabScaleX = 0.750187
ViewCabScaleY = 0.865827
ViewCabScaleZ = 0.918473
ViewCabRotation = 90.000000
ViewCabPlayerX = -22.412992
ViewCabPlayerY = -0.000000
ViewCabPlayerZ = -340.000000
ViewCabLookAt = -0.126900
ViewCabFOV = 42.999908
ViewCabLayback = 48.000000