[Player]
ScreenPlayerY = 0.045756
ScreenPlayerX = 0.000054
ScreenPlayerZ = 100.034180

[TableOverride]
ViewCabMode = 2
ViewCabScaleX = 1.053911
ViewCabScaleY = 0.981988
ViewCabScaleZ = 1.027382
ViewCabRotation = 180.000000
ViewCabHOfs = 1.695116
ViewCabVOfs = 15.677822
ViewCabWindowTop = 37.273087
ViewCabWindowBot = 0.318153
