[Player]
ScreenPlayerY = 0.045756
ScreenPlayerX = 0.000054
ScreenPlayerZ = 100.034180

[TableOverride]
ViewCabMode = 2
ViewCabScaleX = 1.054605
ViewCabScaleY = 0.990294
ViewCabScaleZ = 1.028449
ViewCabRotation = 180.000000
ViewCabHOfs = 0.020716
ViewCabVOfs = 0.000000
ViewCabWindowTop = 33.716076
ViewCabWindowBot = 32.736153

[TableOption]
Select LUT = 0.000000
Cabinet Rails = 0.000000
Balls per Game = 1.000000