[Player]
ScreenPlayerY = 0.045756
ScreenPlayerX = 0.000054
ScreenPlayerZ = 100.034180

[TableOverride]
ViewCabMode = 2
ViewCabScaleX = 1.128287
ViewCabScaleY = 1.011254
ViewCabScaleZ = 1.090223
ViewCabRotation = 180.000000
ViewCabHOfs = -0.052501
ViewCabVOfs = 1.204126
ViewCabWindowTop = 37.273087
ViewCabWindowBot = 0.318153
