[TableOverride]
ViewCabMode = 0
ViewCabScaleX = 0.878308
ViewCabScaleY = 0.877996
ViewCabScaleZ = 0.904995
ViewCabRotation = 90.000000
ViewCabPlayerX = -10.128996
ViewCabPlayerY = -10.862001
ViewCabPlayerZ = -340.000000
ViewCabLookAt = 5.000000
ViewCabFOV = 42.999908
ViewCabLayback = 48.000000