[Player]
BallTrailStrength = 0.490196
OverrideTableEmissionScale = 0

[TableOverride]
ViewCabMode = 0
ViewCabScaleX = 0.669084
ViewCabScaleY = 0.823041
ViewCabScaleZ = 0.873989
ViewCabRotation = 90.000000
ViewCabPlayerX = -34.044998
ViewCabPlayerY = 2.798002
ViewCabPlayerZ = -345.309998
ViewCabLookAt = 5.000000
ViewCabFOV = 42.999908
ViewCabLayback = 48.000000