[Standalone]
PinMAMEWindow = 0

[TableOverride]
ViewCabMode = 2
ViewCabScaleX = 1.123211
ViewCabScaleY = 1.003608
ViewCabScaleZ = 1.000000
ViewCabRotation = 180.000000
ViewCabHOfs = 0.000000
ViewCabVOfs = 0.000000
ViewCabWindowTop = 41.628765
ViewCabWindowBot = 0.603207

[Player]
ScreenPlayerY = 14.986450
ScreenPlayerZ = 89.961639