[Player]
BallTrailStrength = 0.392157
AlphaRampAccuracy = 10
OverrideTableEmissionScale = 0

[TableOverride]
ViewCabMode = 0
ViewCabScaleX = 0.775026
ViewCabScaleY = 0.859871
ViewCabScaleZ = 1.000271
ViewCabRotation = 90.000000
ViewCabPlayerX = 44.462029
ViewCabPlayerY = -0.000000
ViewCabPlayerZ = -741.510254
ViewCabLookAt = -0.026001
ViewCabFOV = 25.030094
ViewCabLayback = 60.031113