[TableOverride]
ViewCabMode = 0
ViewCabScaleX = 0.785756
ViewCabScaleY = 1.028103
ViewCabScaleZ = 0.869878
ViewCabRotation = 90.000000
ViewCabPlayerX = -48.500000
ViewCabPlayerY = -0.000000
ViewCabPlayerZ = -340.000000
ViewCabLookAt = 2.204801
ViewCabFOV = 42.999908
ViewCabLayback = 48.000000