[Player]
BallTrailStrength = 0.196078
OverrideTableEmissionScale = 1
DynamicDayNight = 0
EmissionScale = 0.401810

[TableOverride]
ViewCabMode = 0
ViewCabScaleX = 0.861986
ViewCabScaleY = 0.951986
ViewCabScaleZ = 0.904995
ViewCabRotation = 90.000000
ViewCabPlayerX = -6.410001
ViewCabPlayerY = 5.803000
ViewCabPlayerZ = -340.000000
ViewCabLookAt = 5.000000
ViewCabFOV = 21.127920
ViewCabLayback = 48.000000
ToneMapper = 1