[Player]
BallTrailStrength = 0.490196
OverrideTableEmissionScale = 0
ScreenPlayerY = 16.015259
ScreenPlayerZ = 85.347626
ScreenWidth = 0.000000
ScreenHeight = 0.000000
ScreenInclination = 0.000000

[TableOverride]
ViewCabMode = 2
ViewCabScaleX = 1.297491
ViewCabScaleY = 1.043367
ViewCabScaleZ = 1.000000
ViewCabRotation = 180.000000
ViewCabHOfs = 0.000000
ViewCabVOfs = 1.436086
ViewCabWindowTop = 370.541931
ViewCabWindowBot = 116.639198
