[Standalone]
PinMAMEWindow = 0

[TableOverride]
ViewCabMode = 2
ViewCabScaleX = 1.030589
ViewCabScaleY = 0.992951
ViewCabScaleZ = 0.856752
ViewCabRotation = 180.000000
ViewCabHOfs = 0.000000
ViewCabVOfs = 0.021478
ViewCabWindowTop = 85.803932
ViewCabWindowBot = 0.442277

[Player]
ScreenPlayerY = 15.043756
ScreenPlayerZ = 90.000076