[TableOverride]
ViewCabMode = 0
ViewCabScaleX = 0.815159
ViewCabScaleY = 1.022517
ViewCabScaleZ = 1.072098
ViewCabRotation = 90.000000
ViewCabPlayerX = 37.144009
ViewCabPlayerY = 0.302989
ViewCabPlayerZ = -492.410004
ViewCabLookAt = 5.000000
ViewCabFOV = 42.999908
ViewCabLayback = 48.000000