[TableOverride]
ViewCabMode = 0
ViewCabScaleX = 0.681907
ViewCabScaleY = 0.727655
ViewCabScaleZ = 0.861806
ViewCabRotation = 90.000000
ViewCabPlayerX = 65.130974
ViewCabPlayerY = -3.637000
ViewCabPlayerZ = -387.280121
ViewCabLookAt = 0.503601
ViewCabFOV = 42.999908
ViewCabLayback = 49.195702

[TableOption]
Mech Volume = 0.800000
Ball Roll Volume = 0.500000