[Standalone]
WindowRenderMode = 0
B2SPlugins = 1
PUPCapture = 1
PUPPlugin = 1

[TableOverride]
ViewCabMode = 2
ViewCabScaleX = 1.225994
ViewCabScaleY = 1.064896
ViewCabScaleZ = 1.000000
ViewCabRotation = 180.000000
ViewCabHOfs = 0.000000
ViewCabVOfs = -31.586205
ViewCabWindowTop = 370.541931
ViewCabWindowBot = 97.853256
ToneMapper = 0

[Player]
ScreenPlayerY = 12.332947
ScreenPlayerZ = 93.293350
OverrideTableEmissionScale = 1
DynamicDayNight = 0
EmissionScale = 0.174340
ScreenWidth = 0.000000
ScreenHeight = 0.000000
ScreenInclination = 0.000000

[TableOption]
Outlane Difficulty = 1.000000
Playfield Toys = 1.000000
Plunger Tip Color = 1.000000
Ball Choice = 0.000000
Color LUT = 12.000000
Desktop DMD = 0.000000
VR Room = 5.000000
Mech Volume = 0.800000
Ball Roll Volume = 0.500000
Ramp Roll Volume = 0.500000