[Player]
BallTrailStrength = 0.392157
OverrideTableEmissionScale = 0


[TableOverride]
ViewCabMode = 2
ViewCabScaleX = 1.155912
ViewCabScaleY = 1.038207
ViewCabScaleZ = 0.934451
ViewCabRotation = 180.000000
ViewCabHOfs = 0.000000
ViewCabVOfs = 0.005177
ViewCabWindowTop = 83.465912
ViewCabWindowBot = 83.953270

[TableOption]
Select LUT = 0.000000
Cabinet Rails = 0.000000