[TableOverride]
ViewCabMode = 2
ViewCabScaleX = 1.291107
ViewCabScaleY = 1.146815
ViewCabScaleZ = 1.014307
ViewCabRotation = 180.000000
ViewCabHOfs = 0.000000
ViewCabVOfs = -87.667213
ViewCabWindowTop = 258.541931
ViewCabWindowBot = 138.953217