[TableOverride]
ViewCabMode = 2
ViewCabScaleX = 1.171024
ViewCabScaleY = 1.000031
ViewCabScaleZ = 0.867522
ViewCabRotation = 180.000000
ViewCabHOfs = 0.000000
ViewCabVOfs = 0.028893
ViewCabWindowTop = 0.573927
ViewCabWindowBot = 0.842212

[Player]
ScreenPlayerY = 7.977296