[TableOverride]
ViewCabMode = 2
ViewCabScaleX = 0.927908
ViewCabScaleY = 1.146815
ViewCabScaleZ = 1.014307
ViewCabRotation = 180.000000
ViewCabHOfs = 0.000000
ViewCabVOfs = -8.115797
ViewCabWindowTop = 258.541931
ViewCabWindowBot = 138.953217