[TableOverride]
ViewCabMode = 0
ViewCabScaleX = 0.930346
ViewCabScaleY = 1.037503
ViewCabScaleZ = 0.904995
ViewCabRotation = 90.000000
ViewCabPlayerX = -0.263999
ViewCabPlayerY = -0.869000
ViewCabPlayerZ = -837.717896
ViewCabLookAt = 5.000000
ViewCabFOV = -2.588431
ViewCabLayback = 48.000000