[TableOverride]
ViewCabMode = 0
ViewCabScaleX = 0.819982
ViewCabScaleY = 0.941257
ViewCabScaleZ = 0.969606
ViewCabRotation = 90.000000
ViewCabPlayerX = 50.661003
ViewCabPlayerY = 0.198000
ViewCabPlayerZ = -286.250031
ViewCabLookAt = 0.470201
ViewCabFOV = 44.451401
ViewCabLayback = 63.809578