[Player]
BallTrailStrength = 0.490196
OverrideTableEmissionScale = 0
JoyAddCredit2Key = 1

[TableOverride]
ViewCabMode = 0
ViewCabScaleX = 0.819963
ViewCabScaleY = 1.032683
ViewCabScaleZ = 0.969606
ViewCabRotation = 90.000000
ViewCabPlayerX = -13.185005
ViewCabPlayerY = 2.250000
ViewCabPlayerZ = -380.000000
ViewCabLookAt = 5.262102
ViewCabFOV = 44.451401
ViewCabLayback = 63.809578