[Player]
ScreenPlayerY = 0.045756
ScreenPlayerX = 0.000054
ScreenPlayerZ = 100.034180
JoyAddCreditKey = 
JoyAddCredit2Key = 1

[TableOverride]
ViewCabMode = 2
ViewCabScaleX = 1.104951
ViewCabScaleY = 0.960206
ViewCabScaleZ = 1.076895
ViewCabRotation = 180.000000
ViewCabHOfs = 1.695116
ViewCabVOfs = 58.533791
ViewCabWindowTop = 37.273087
ViewCabWindowBot = 0.318153
