[Standalone]
BackBufferScale = 0.666666

[Player]
ScreenPlayerY = 7.992106
ScreenPlayerX = 0.000054
ScreenPlayerZ = 99.995407
JoyAddCreditKey = 
JoyAddCredit2Key = 1
AAFactor = 0.90

[TableOverride]
ViewCabMode = 2
ViewCabScaleX = 1.053869
ViewCabScaleY = 0.931786
ViewCabScaleZ = 0.984310
ViewCabRotation = 180.000000
ViewCabHOfs = 0.001616
ViewCabVOfs = 74.473213
ViewCabWindowTop = 0.865078
ViewCabWindowBot = 0.098114

[TableOption]
Select LUT = 0.000000
Cabinet Rails = 0.000000