[Player]
ScreenPlayerY = 0.045756
ScreenPlayerX = 0.000054
ScreenPlayerZ = 100.034180
JoyAddCreditKey = 
JoyAddCredit2Key = 1

[TableOverride]
ViewCabMode = 2
ViewCabScaleX = 1.079924
ViewCabScaleY = 0.962662
ViewCabScaleZ = 1.051868
ViewCabRotation = 180.000000
ViewCabHOfs = 1.695116
ViewCabVOfs = 36.834919
ViewCabWindowTop = 37.273087
ViewCabWindowBot = 0.318153
