[Player]
BallTrailStrength = 0.196078
OverrideTableEmissionScale = 0

[TableOverride]
ViewCabMode = 0
ViewCabScaleX = 0.799977
ViewCabScaleY = 0.939653
ViewCabScaleZ = 0.999640
ViewCabRotation = 90.000000
ViewCabPlayerX = 64.493019
ViewCabPlayerY = -0.000000
ViewCabPlayerZ = -922.500427
ViewCabLookAt = 2.006600
ViewCabFOV = 24.959518
ViewCabLayback = 70.031601