[Player]
BallTrailStrength = 0.196078
OverrideTableEmissionScale = 0
AAFactor = 0.95

[TableOverride]
ViewCabMode = 2
ViewCabScaleX = 1.163162
ViewCabScaleY = 1.011875
ViewCabScaleZ = 0.919583
ViewCabRotation = 180.000000
ViewCabHOfs = 0.000000
ViewCabVOfs = -9.131210
ViewCabWindowTop = 187.978882
ViewCabWindowBot = 83.953270
