[Player]
BallTrailStrength = 0.000000
OverrideTableEmissionScale = 0
ScreenPlayerY = 13.328653
ScreenPlayerZ = 98.285385
ScreenWidth = 0.000000
ScreenHeight = 0.000000
ScreenInclination = 0.000000

[TableOverride]
ViewCabMode = 2
ViewCabScaleX = 1.293783
ViewCabScaleY = 1.062463
ViewCabScaleZ = 1.000000
ViewCabRotation = 180.000000
ViewCabHOfs = -3.099800
ViewCabVOfs = -24.365198
ViewCabWindowTop = 370.541931
ViewCabWindowBot = 115.788239

[Standalone]
BackBufferScale = 0.416666
WindowRenderMode = 0