[Player]
BallTrailStrength = 0.490196
OverrideTableEmissionScale = 0
ScreenPlayerY = 14.967547
ScreenPlayerZ = 90.018509

[TableOverride]
ViewCabMode = 2
ViewCabScaleX = 1.089395
ViewCabScaleY = 1.011456
ViewCabScaleZ = 0.889901
ViewCabRotation = 180.000000
ViewCabHOfs = 0.000000
ViewCabVOfs = 0.039497
ViewCabWindowTop = 52.163860
ViewCabWindowBot = 51.366272