[Player]
BallTrailStrength = 0.490196

[TableOverride]
ViewCabMode = 0
ViewCabScaleX = 1.372444
ViewCabScaleY = 1.591352
ViewCabScaleZ = 1.458843
ViewCabRotation = 90.000000
ViewCabPlayerX = -48.500000
ViewCabPlayerY = -0.000000
ViewCabPlayerZ = -263.139954
ViewCabLookAt = 5.000000
ViewCabFOV = 42.999908
ViewCabLayback = 48.000000