[Player]
BallTrailStrength = 0.490196
OverrideTableEmissionScale = 0

[TableOverride]
ViewCabMode = 0
ViewCabScaleX = 1.019608
ViewCabScaleY = 1.189575
ViewCabScaleZ = 0.999828
ViewCabRotation = 90.000000
ViewCabPlayerX = 9.856999
ViewCabPlayerY = 0.383000
ViewCabPlayerZ = -931.319580
ViewCabLookAt = 5.000000
ViewCabFOV = 0.022608
ViewCabLayback = 10.041589