[Player]
BallTrailStrength = 0.490196
MaxTexDimension = 3072
FXAA = 1

[TableOverride]
ViewCabMode = 0
ViewCabScaleX = 0.818596
ViewCabScaleY = 1.037503
ViewCabScaleZ = 0.904995
ViewCabRotation = 90.000000
ViewCabPlayerX = -35.321995
ViewCabPlayerY = -0.000000
ViewCabPlayerZ = -324.649994
ViewCabLookAt = 5.000000
ViewCabFOV = 42.999908
ViewCabLayback = 48.000000
