[Player]
BallTrailStrength = 0.490196
ScreenPlayerY = 15.008053
ScreenPlayerZ = 89.976715

[TableOverride]
ViewCabMode = 2
ViewCabScaleX = 1.311314
ViewCabScaleY = 1.001450
ViewCabScaleZ = 0.947931
ViewCabRotation = 180.000000
ViewCabHOfs = 0.000000
ViewCabVOfs = 0.000000
ViewCabWindowTop = 400.878784
ViewCabWindowBot = 85.578186