[Player]
BallTrailStrength = 0.490196

[TableOverride]
ViewCabMode = 2
ViewCabScaleX = 1.291360
ViewCabScaleY = 1.094893
ViewCabScaleZ = 1.041374
ViewCabRotation = 180.000000
ViewCabHOfs = 0.000000
ViewCabVOfs = -36.776909
ViewCabWindowTop = 482.807922
ViewCabWindowBot = 85.578186

[Standalone]
BackBufferScale = 0.416666