[Player]
MaxTexDimension = 4096
FXAA = 1
BallTrailStrength = 0.196078
OverrideTableEmissionScale = 0

[TableOverride]
ViewDTLookAt = 46.000000
ViewDTFOV = 46.000000
ViewDTLayback = 0.000000
ViewDTRotation = 0.000000
ViewDTScaleX = 1.000000
ViewDTScaleY = 1.000000
ViewDTScaleZ = 1.000000
ViewDTPlayerX = 0.000000
ViewDTPlayerY = 60.000000
ViewDTPlayerZ = -550.000000
ViewCabLookAt = 14.599993
ViewCabFOV = 25.000000
ViewCabLayback = 50.000000
ViewCabRotation = 90.000000
ViewCabScaleX = 1.000000
ViewCabScaleY = 1.280038
ViewCabScaleZ = 1.000000
ViewCabPlayerX = -29.586021
ViewCabPlayerY = 0.663000
ViewCabPlayerZ = -631.059509
ViewFSSLookAt = 58.000000
ViewFSSFOV = 36.000000
ViewFSSLayback = 0.000000
ViewFSSRotation = 0.000000
ViewFSSScaleX = 1.000000
ViewFSSScaleY = 1.000000
ViewFSSScaleZ = 1.000000
ViewFSSPlayerX = 0.000000
ViewFSSPlayerY = 120.000000
ViewFSSPlayerZ = -750.000000
ViewCabMode = 0

[Standalone]
WindowRenderMode = 0
B2SPlugins = 1
PUPCapture = 1
PUPPlugin = 1
