
[TableOverride]
ViewCabMode = 0
ViewCabScaleX = 0.721014
ViewCabScaleY = 0.828165
ViewCabScaleZ = 0.828444
ViewCabPlayerX = 68.081993
ViewCabPlayerY = -0.000000
ViewCabPlayerZ = -340.000000
ViewCabLookAt = 0.417200
ViewCabRotation = 90.000000
ViewCabFOV = 42.999908
ViewCabLayback = 48.000000
