[Standalone]
PinMAMEWindow = 0
B2SHideB2SDMD = 1

[TableOverride]
ViewCabMode = 2
ViewCabScaleX = 1.149725
ViewCabScaleY = 0.999758
ViewCabScaleZ = 0.869589
ViewCabRotation = 180.000000
ViewCabHOfs = 0.000000
ViewCabVOfs = 0.039323
ViewCabWindowTop = 56.376930
ViewCabWindowBot = 55.216267

[Player]
ScreenPlayerY = 9.961707