[Player]
ScreenPlayerY = 10.014260
ScreenPlayerX = 0.000054
ScreenPlayerZ = 100.034180

[TableOverride]
ViewCabMode = 2
ViewCabScaleX = 1.110218
ViewCabScaleY = 0.986558
ViewCabScaleZ = 1.061643
ViewCabRotation = 180.000000
ViewCabHOfs = 0.043099
ViewCabVOfs = 9.548599
ViewCabWindowTop = 37.273087
ViewCabWindowBot = 0.318153

[TableOption]
Select LUT = 0.000000
Cabinet Rails = 0.000000