[Player]
ScreenPlayerY = 0.045756
ScreenPlayerX = 0.000054
ScreenPlayerZ = 100.034180

[TableOverride]
ViewCabMode = 2
ViewCabScaleX = 1.097442
ViewCabScaleY = 1.017551
ViewCabScaleZ = 1.108212
ViewCabRotation = 180.000000
ViewCabHOfs = 1.665599
ViewCabVOfs = 10.118724
ViewCabWindowTop = 37.273087
ViewCabWindowBot = 0.318153

[Standalone]
BackBufferScale = 0.416666