[Player]
BallTrailStrength = 0.490196
OverrideTableEmissionScale = 0

[TableOverride]
ViewCabMode = 0
ViewCabScaleX = 0.936816
ViewCabScaleY = 1.023844
ViewCabScaleZ = 0.904995
ViewCabRotation = 90.000000
ViewCabPlayerX = -32.140987
ViewCabPlayerY = 1.824001
ViewCabPlayerZ = -340.000000
ViewCabLookAt = 14.540260
ViewCabFOV = 9.997911
ViewCabLayback = 48.000000