[TableOverride]
ViewCabMode = 0
ViewCabScaleX = 0.752318
ViewCabScaleY = 0.867216
ViewCabScaleZ = 0.904995
ViewCabRotation = 90.000000
ViewCabPlayerX = 19.841000
ViewCabPlayerY = -0.000000
ViewCabPlayerZ = -340.000000
ViewCabLookAt = 0.040501
ViewCabFOV = 38.607208
ViewCabLayback = 63.948486