[TableOverride]
ViewCabMode = 1
ViewCabScaleX = 0.722893
ViewCabScaleY = 0.608675
ViewCabScaleZ = 0.767502
ViewCabRotation = 90.000000
ViewCabPlayerX = 19.938070
ViewCabPlayerY = -73.432549
ViewCabPlayerZ = 1392.194580
ViewCabLookAt = 0.040501
ViewCabFOV = 29.005402
ViewCabHOfs = 1.503900
ViewCabVOfs = 78.720772

[Player]
ScreenPlayerX = 0.038650
ScreenPlayerY = 0.552500
ScreenPlayerZ = 69.666000