[TableOverride]
ViewCabMode = 2
ViewCabScaleX = 1.143786
ViewCabScaleY = 0.991259
ViewCabScaleZ = 0.859642
ViewCabRotation = 180.000000
ViewCabHOfs = 0.000000
ViewCabVOfs = 0.041922
ViewCabWindowTop = 43.352974
ViewCabWindowBot = 42.445274