[TableOverride]
ViewDTLookAt = 45.000000
ViewDTFOV = 45.000000
ViewDTLayback = 0.000000
ViewDTRotation = 0.000000
ViewDTScaleX = 1.000000
ViewDTScaleY = 1.000000
ViewDTScaleZ = 1.000000
ViewDTPlayerX = 0.000000
ViewDTPlayerY = 0.000000
ViewDTPlayerZ = -200.000000
ViewCabLookAt = 0.033099
ViewCabFOV = 21.969187
ViewCabLayback = 59.990597
ViewCabRotation = 90.000000
ViewCabScaleX = 0.780215
ViewCabScaleY = 0.899852
ViewCabScaleZ = 0.999802
ViewCabPlayerX = 11.419990
ViewCabPlayerY = 0.000000
ViewCabPlayerZ = -809.200073
ViewFSSLookAt = 54.000000
ViewFSSFOV = 32.000000
ViewFSSLayback = 0.000000
ViewFSSRotation = 0.000000
ViewFSSScaleX = 1.000000
ViewFSSScaleY = 1.000000
ViewFSSScaleZ = 1.000000
ViewFSSPlayerX = 0.000000
ViewFSSPlayerY = 0.000000
ViewFSSPlayerZ = -250.000000
ViewCabMode = 0

[Player]
FXAA = 1