[Player]
BallTrailStrength = 0.392157
AlphaRampAccuracy = 10
OverrideTableEmissionScale = 1
ScreenPlayerZ = 95.270760
ScreenWidth = 0.000000
ScreenHeight = 0.000000
ScreenInclination = 0.000000
ScreenPlayerY = 22.000000
DynamicDayNight = 0
EmissionScale = 0.401870
AAFactor = 0.85

[TableOverride]
ViewCabMode = 2
ViewCabScaleX = 1.236452
ViewCabScaleY = 1.004673
ViewCabScaleZ = 1.000000
ViewCabRotation = 180.000000
ViewCabHOfs = 0.035698
ViewCabVOfs = 0.026310
ViewCabWindowTop = 340.938934
ViewCabWindowBot = 89.106232
ToneMapper = 0
