[TableOverride]
ViewCabMode = 2
ViewCabScaleX = 1.128313
ViewCabScaleY = 0.998208
ViewCabScaleZ = 0.868038
ViewCabRotation = 180.000000
ViewCabHOfs = 0.000000
ViewCabVOfs = 0.008196
ViewCabWindowTop = 160.204041
ViewCabWindowBot = 83.953270

[Player]
ScreenPlayerY = 7.979856