[TableOverride]
ViewCabMode = 2
ViewCabScaleX = 1.190561
ViewCabScaleY = 1.119880
ViewCabScaleZ = 0.995509
ViewCabRotation = 180.000000
ViewCabHOfs = -10.129300
ViewCabVOfs = -106.268517
ViewCabWindowTop = 378.708923
ViewCabWindowBot = 120.660225
ToneMapper = 0

[Player]
JoyLMagnaSave = 14
JoyRMagnaSave = 15
ScreenPlayerZ = 91.825783
ScreenWidth = 0.000000
ScreenHeight = 0.000000
ScreenInclination = 0.000000
ScreenPlayerY = 18.294546
OverrideTableEmissionScale = 1
DynamicDayNight = 0
EmissionScale = 0.133080
