[TableOverride]
ViewCabMode = 0
ViewCabScaleX = 0.652679
ViewCabScaleY = 0.776383
ViewCabScaleZ = 0.858183
ViewCabRotation = 90.000000
ViewCabPlayerX = -16.520006
ViewCabPlayerY = -0.000000
ViewCabPlayerZ = -340.000000
ViewCabLookAt = -0.019729
ViewCabFOV = 41.482693
ViewCabLayback = 48.000000