[Player]
BallTrailStrength = 0.200000
AlphaRampAccuracy = 4
OverrideTableEmissionScale = 0
AAFactor = 1.000000
ScreenPlayerZ = 75.785965

[TableOverride]
ViewCabMode = 2
ViewCabScaleX = 1.046675
ViewCabScaleY = 1.038396
ViewCabScaleZ = 1.243693
ViewCabRotation = 180.000000
ViewCabHOfs = 0.000000
ViewCabVOfs = -17.149426
ViewCabWindowTop = 361.609100
ViewCabWindowBot = 138.953217