[Player]
BallTrailStrength = 0.200000
AlphaRampAccuracy = 4
OverrideTableEmissionScale = 0
FXAA = 0

[TableOverride]
ViewCabMode = 0
ViewCabScaleX = 0.799652
ViewCabScaleY = 0.900150
ViewCabScaleZ = 1.000083
ViewCabRotation = 90.000000
ViewCabPlayerX = -147.026993
ViewCabPlayerY = -0.000000
ViewCabPlayerZ = -638.310242
ViewCabLookAt = -0.048901
ViewCabFOV = 25.000219
ViewCabLayback = 70.021988