[TableOverride]
ViewCabMode = 2
ViewCabScaleX = 1.225055
ViewCabScaleY = 1.030724
ViewCabScaleZ = 1.000000
ViewCabRotation = 180.000000
ViewCabHOfs = 0.000000
ViewCabVOfs = -9.282001
ViewCabWindowTop = 373.230988
ViewCabWindowBot = 110.671188
EmissionScale = 1.000000


[Player]
ScreenPlayerY = 17.309704
ScreenPlayerZ = 95.334305
ScreenWidth = 0.000000
ScreenHeight = 0.000000
ScreenInclination = 0.000000
MaxTexDimension = 3072
FXAA = 1