[TableOverride]
ViewCabMode = 2
ViewCabScaleX = 1.225055
ViewCabScaleY = 1.030724
ViewCabScaleZ = 1.000000
ViewCabRotation = 180.000000
ViewCabHOfs = 0.000000
ViewCabVOfs = -9.282001
ViewCabWindowTop = 373.230988
ViewCabWindowBot = 110.671188
ToneMapper = 0

[Player]
ScreenPlayerY = 17.309704
ScreenPlayerZ = 95.334305
ScreenWidth = 0.000000
ScreenHeight = 0.000000
ScreenInclination = 0.000000
FXAA = 1
AAFactor = 0.70
BallTrailStrength = 0.200000
OverrideTableEmissionScale = 1
DynamicDayNight = 0
EmissionScale = 0.60

[Standalone]
BackBufferScale = 0.333333

[TableOption]
VR Room = 0.000000
