[Standalone]
BackBufferScale = 0.666666

[Player]
BallTrailStrength = 0.298039
OverrideTableEmissionScale = 1
DynamicDayNight = 0
EmissionScale = 0.489040

[TableOverride]
ViewCabMode = 0
ViewCabScaleX = 0.789766
ViewCabScaleY = 0.922981
ViewCabScaleZ = 0.904995
ViewCabRotation = 90.000000
ViewCabPlayerX = 8.729007
ViewCabPlayerY = -0.000000
ViewCabPlayerZ = -340.000000
ViewCabLookAt = 2.768002
ViewCabFOV = 42.999908
ViewCabLayback = 48.000000