[Player]
BallTrailStrength = 0.490196
OverrideTableEmissionScale = 1
DynamicDayNight = 0
EmissionScale = 0.507620

[TableOverride]
ToneMapper = 0
ViewCabMode = 0
ViewCabScaleX = 0.818596
ViewCabScaleY = 0.995740
ViewCabScaleZ = 0.904995
ViewCabRotation = 90.000000
ViewCabPlayerX = -18.491989
ViewCabPlayerY = -0.000000
ViewCabPlayerZ = -340.000000
ViewCabLookAt = 5.000000
ViewCabFOV = 42.999908
ViewCabLayback = 48.000000