[Player]
BallTrailStrength = 0.490196
OverrideTableEmissionScale = 1
ScreenPlayerX = 0.008600
ScreenPlayerY = 0.041542
DynamicDayNight = 0
EmissionScale = 0.495435

[TableOverride]
ViewCabMode = 2
ViewCabScaleX = 1.177594
ViewCabScaleY = 1.021422
ViewCabScaleZ = 0.948177
ViewCabRotation = 180.000000
ViewCabHOfs = 0.000000
ViewCabVOfs = 0.000000
ViewCabWindowTop = 272.807922
ViewCabWindowBot = 82.953217
