[Player]
BallTrailStrength = 0.490196
OverrideTableEmissionScale = 0
ScreenPlayerX = 0.008600
ScreenPlayerY = 0.041542

[TableOverride]
ViewCabMode = 2
ViewCabScaleX = 1.255954
ViewCabScaleY = 1.073245
ViewCabScaleZ = 1.000000
ViewCabRotation = 180.000000
ViewCabHOfs = 0.000000
ViewCabVOfs = -35.953926
ViewCabWindowTop = 331.353943
ViewCabWindowBot = 82.953217

[Standalone]
BackBufferScale = 0.416666