[TableOverride]
ViewCabMode = 2
ViewCabScaleX = 1.069299
ViewCabScaleY = 0.963929
ViewCabScaleZ = 0.874874
ViewCabRotation = 180.000000
ViewCabHOfs = 0.015700
ViewCabVOfs = 0.000000
ViewCabWindowTop = 214.325974
ViewCabWindowBot = -115.291786

[Player]
BallTrail = 0
BallTrailStrength = 0.490196
OverrideTableEmissionScale = 1
ScreenPlayerZ = 98.323730
ScreenWidth = 0.000000
ScreenHeight = 0.000000
ScreenInclination = 0.000000
DynamicDayNight = 0
EmissionScale = 1.000000
ScreenPlayerY = 16.278109

[TableOption]
Outlane Difficulty = 1.000000
Flipper Tricks Difficulty = 1.000000
Mech Volume = 0.800000
Ball Roll Amplification = 1.000000
Ramp Roll Volume = 0.600000
Table DMD ON/OFF = 0.000000
Flipper Style = 1.000000
Menagerie Ball Color = 1.000000
LUT Selection = 0.000000