[Player]
BallTrailStrength = 0.490196
OverrideTableEmissionScale = 1
DynamicDayNight = 0
EmissionScale = 0.399560

[TableOverride]
ViewCabMode = 0
ViewCabScaleX = 0.871559
ViewCabScaleY = 1.037947
ViewCabScaleZ = 0.904995
ViewCabRotation = 90.000000
ViewCabPlayerX = 19.669003
ViewCabPlayerY = -17.677002
ViewCabPlayerZ = -340.000000
ViewCabLookAt = 8.007899
ViewCabFOV = 42.999908
ViewCabLayback = 48.000000