[TableOverride]
ViewCabMode = 2
ViewCabScaleX = 1.165668
ViewCabScaleY = 0.991696
ViewCabScaleZ = 1.000000
ViewCabRotation = 180.000000
ViewCabHOfs = 0.000000
ViewCabVOfs = 0.000000
ViewCabWindowTop = 77.844742
ViewCabWindowBot = -61.706802