[Player]
BallTrailStrength = 0.490196
OverrideTableEmissionScale = 0
JoyAddCredit2Key = .5

[TableOverride]
ViewCabMode = 0
ViewCabScaleX = 0.820903
ViewCabScaleY = 0.983044
ViewCabScaleZ = 0.904995
ViewCabRotation = 90.000000
ViewCabPlayerX = -44.088005
ViewCabPlayerY = -0.000000
ViewCabPlayerZ = -340.000000
ViewCabLookAt = 4.167400
ViewCabFOV = 42.999908
ViewCabLayback = 48.000000