[Player]
JoyLTiltKey                     = 0
JoyRTiltKey                     = 0
JoyLMagnaSave                   = 14
JoyRMagnaSave                   = 15

[TableOverride]
ViewCabMode = 0
ViewCabScaleX = 1.320354
ViewCabScaleY = 1.490454
ViewCabScaleZ = 1.000348
ViewCabRotation = 90.000000
ViewCabPlayerX = -14.646998
ViewCabPlayerY = -0.000000
ViewCabPlayerZ = 350.830170
ViewCabLookAt = -0.049600
ViewCabFOV = 30.036716
ViewCabLayback = 57.459393