[TableOverride]
ViewCabMode = 2
ViewCabScaleX = 1.305104
ViewCabScaleY = 1.028528
ViewCabScaleZ = 1.000001
ViewCabRotation = 180.000000
ViewCabHOfs = -1.985699
ViewCabVOfs = -30.661285
ViewCabWindowTop = 376.855988
ViewCabWindowBot = 98.367218

[Player]
ScreenPlayerY = 16.264351
ScreenPlayerZ = 100.312576
ScreenWidth = 0.000000
ScreenHeight = 0.000000
ScreenInclination = 0.000000

[Standalone]
BackBufferScale = 0.416666