[TableOverride]
ViewCabMode = 2
ViewCabScaleX = 1.301275
ViewCabScaleY = 0.986618
ViewCabScaleZ = 0.958090
ViewCabRotation = 180.000000
ViewCabHOfs = 0.032201
ViewCabVOfs = 0.000000
ViewCabWindowTop = 288.390961
ViewCabWindowBot = 98.367218

[Player]
ScreenPlayerY = 16.264351
ScreenPlayerZ = 100.312576
ScreenWidth = 0.000000
ScreenHeight = 0.000000
ScreenInclination = 0.000000