[Player]
BallTrailStrength = 0.392157
AlphaRampAccuracy = 10
OverrideTableEmissionScale = 1
ScreenPlayerZ = 90.037338
DynamicDayNight = 0
EmissionScale = 0.400355
ScreenWidth = 0.000000
ScreenHeight = 0.000000
ScreenInclination = 0.000000
ScreenPlayerY = 14.993608
CacheMode = 0

[TableOverride]
ViewCabMode = 2
ViewCabScaleX = 1.266486
ViewCabScaleY = 0.919856
ViewCabScaleZ = 0.982397
ViewCabRotation = 180.000000
ViewCabHOfs = 0.000000
ViewCabVOfs = 0.000000
ViewCabWindowTop = 329.023041
ViewCabWindowBot = 251.050140
ToneMapper = 0
