[Player]
BallTrailStrength = 0.490196
MaxTexDimension = 3072
FXAA = 1

[TableOverride]
ViewCabMode = 0
ViewCabScaleX = 1.061740
ViewCabScaleY = 1.273107
ViewCabScaleZ = 1.078375
ViewCabRotation = 90.000000
ViewCabPlayerX = 22.687000
ViewCabPlayerY = -0.000000
ViewCabPlayerZ = -340.000000
ViewCabLookAt = 4.960400
ViewCabFOV = 42.999908
ViewCabLayback = 48.000000