[TableOverride]
ViewCabMode = 1
ViewCabScaleX = 0.938812
ViewCabScaleY = 0.996667
ViewCabScaleZ = 0.759980
ViewCabRotation = 90.000000
ViewCabPlayerX = 3.528999
ViewCabPlayerY = 65.682129
ViewCabPlayerZ = 1562.012573
ViewCabLookAt = 5.387100
ViewCabFOV = 50.226585
ViewCabHOfs = 0.008600
ViewCabVOfs = 76.035309