[TableOverride]
ViewCabMode = 2
ViewCabScaleX = 0.898864
ViewCabScaleY = 0.993890
ViewCabScaleZ = 0.859642
ViewCabRotation = 180.000000
ViewCabHOfs = 0.000000
ViewCabVOfs = 0.041922
ViewCabWindowTop = 430.450989
ViewCabWindowBot = -39.747723

[Player]
ScreenPlayerY = 20.035051
ScreenPlayerZ = 90.302010