[Player]
BallTrailStrength = 0.490196
OverrideTableEmissionScale = 1
DynamicDayNight = 0
EmissionScale = 0.499570

[TableOverride]
ViewCabMode = 0
ViewCabScaleX = 1.009833
ViewCabScaleY = 0.999861
ViewCabScaleZ = 0.840024
ViewCabRotation = 90.000000
ViewCabPlayerX = -60.848995
ViewCabPlayerY = 5.717000
ViewCabPlayerZ = -36.800034
ViewCabLookAt = 5.000000
ViewCabFOV = 42.999908
ViewCabLayback = 48.000000
ToneMapper = 0