[Player]
BallTrailStrength = 0.490196
OverrideTableEmissionScale = 0
MaxTexDimension = 3072
FXAA = 1


[TableOverride]
ViewDTLookAt = 45.000000
ViewDTFOV = 45.000000
ViewDTLayback = 0.000000
ViewDTRotation = 0.000000
ViewDTScaleX = 1.000000
ViewDTScaleY = 1.000000
ViewDTScaleZ = 1.000000
ViewDTPlayerX = 0.000000
ViewDTPlayerY = 30.000000
ViewDTPlayerZ = -200.000000
ViewCabLookAt = 9.999999
ViewCabFOV = 25.000013
ViewCabLayback = 69.799965
ViewCabRotation = 90.000000
ViewCabScaleX = 0.834001
ViewCabScaleY = 0.972001
ViewCabScaleZ = 1.000000
ViewCabPlayerX = 11.308014
ViewCabPlayerY = -6.400034
ViewCabPlayerZ = -600.000000
ViewFSSLookAt = 52.000000
ViewFSSFOV = 45.000000
ViewFSSLayback = 0.000000
ViewFSSRotation = 0.000000
ViewFSSScaleX = 1.200000
ViewFSSScaleY = 1.100000
ViewFSSScaleZ = 1.000000
ViewFSSPlayerX = 0.000000
ViewFSSPlayerY = 30.000000
ViewFSSPlayerZ = -50.000000
ViewCabMode = 0