[TableOverride]
ViewCabMode = 0
ViewCabScaleX = 0.726973
ViewCabScaleY = 0.816436
ViewCabScaleZ = 0.904995
ViewCabRotation = 90.000000
ViewCabPlayerX = 22.837975
ViewCabPlayerY = -0.000000
ViewCabPlayerZ = -340.000000
ViewCabLookAt = 5.000000
ViewCabFOV = 42.999908
ViewCabLayback = 48.000000

[Player]
BallAntiStretch = 1