[Standalone]
PinMAMEWindow = 0

[TableOverride]
ViewCabMode = 2
ViewCabScaleX = 1.104354
ViewCabScaleY = 0.995263
ViewCabScaleZ = 0.869488
ViewCabRotation = 180.000000
ViewCabHOfs = 0.000000
ViewCabVOfs = 0.025908
ViewCabWindowTop = 59.405941
ViewCabWindowBot = 0.547244

[Player]
ScreenPlayerY = 11.992853