[TableOverride]
ViewCabMode = 0
ViewCabScaleX = 0.986237
ViewCabScaleY = 1.140000
ViewCabScaleZ = 1.000000
ViewCabRotation = 90.000000
ViewCabPlayerX = 42.700005
ViewCabPlayerY = 0.000000
ViewCabPlayerZ = -205.949997
ViewCabLookAt = 0.000000
ViewCabFOV = 26.000000
ViewCabLayback = 75.000000

[Player]
ScreenPlayerX = 0.000000
ScreenPlayerY = 0.000000
ScreenPlayerZ = 70.000000