[Player]
MaxTexDimension = 3072
FXAA = 1

[TableOverride]
ViewCabLookAt = 7.959296
ViewCabFOV = 28.054417
ViewCabLayback = 59.962048
ViewCabRotation = 90.000000
ViewCabScaleX = 1.000065
ViewCabScaleY = 1.150065
ViewCabScaleZ = 1.000065
ViewCabPlayerX = 65.699959
ViewCabPlayerY = 5.583000
ViewCabPlayerZ = -283.910034
ViewCabMode = 0

[Standalone]
WindowRenderMode = 0