[Player]
ScreenPlayerY = 17.328304
ScreenPlayerZ = 120.348488
ScreenWidth = 0.000000
ScreenHeight = 0.000000
ScreenInclination = 0.000000
ScreenPlayerX = -0.015400

[TableOverride]
ViewCabMode = 2
ViewCabScaleX = 1.095096
ViewCabScaleY = 1.022710
ViewCabScaleZ = 1.000000
ViewCabRotation = 180.000000
ViewCabHOfs = 0.000000
ViewCabVOfs = -7.055704
ViewCabWindowTop = 277.386902
ViewCabWindowBot = 78.090202
