[Player]
BallTrailStrength = 0.490196
OverrideTableEmissionScale = 0
ScreenPlayerX = 0.000000
ScreenPlayerY = 0.000000
ScreenPlayerZ = 70.000000

[TableOverride]
ViewCabMode = 0
ViewCabScaleX = 0.811886
ViewCabScaleY = 0.968001
ViewCabScaleZ = 1.000000
ViewCabRotation = 90.000000
ViewCabPlayerX = 16.165924
ViewCabPlayerY = 0.599965
ViewCabPlayerZ = -600.000000
ViewCabLookAt = 0.400004
ViewCabFOV = 25.000013
ViewCabLayback = 69.799965