[TableOption]
Select LUT = 0.000000
Cabinet Rails = 0.000000
Balls per Game = 1.000000

[TableOverride]
ViewCabMode = 2
ViewCabScaleX = 1.132334
ViewCabScaleY = 0.999741
ViewCabScaleZ = 0.869571
ViewCabRotation = 180.000000
ViewCabHOfs = 0.000000
ViewCabVOfs = 0.046999
ViewCabWindowTop = 19.202971
ViewCabWindowBot = 18.111271

[Player]
ScreenPlayerY = 11.973153
ScreenPlayerZ = 89.987175