[Standalone]
BackBufferScale = 0.416666

[Player]
BallTrailStrength = 0.490196
OverrideTableEmissionScale = 0
ScreenPlayerX = 0.039100

[TableOverride]
ViewCabMode = 2
ViewCabScaleX = 1.190689
ViewCabScaleY = 0.999031
ViewCabScaleZ = 0.935001
ViewCabRotation = 180.000000
ViewCabHOfs = -0.048500
ViewCabVOfs = 0.040683
ViewCabWindowTop = 245.453796
ViewCabWindowBot = 75.666222