[TableOverride]
ViewCabMode = 2
ViewCabScaleX = 1.102020
ViewCabScaleY = 0.952699
ViewCabScaleZ = 0.920613
ViewCabRotation = 180.000000
ViewCabHOfs = 0.000000
ViewCabVOfs = 44.214584
ViewCabWindowTop = 0.564944
ViewCabWindowBot = 0.378253

[Player]
ScreenPlayerX = 0.035450

[Standalone]
PinMAMEWindow = 0