[TableOverride]
ViewCabMode = 2
ViewCabScaleX = 1.051620
ViewCabScaleY = 0.993113
ViewCabScaleZ = 0.870213
ViewCabRotation = 180.000000
ViewCabHOfs = 0.000000
ViewCabVOfs = 0.000000
ViewCabWindowTop = 49.058937
ViewCabWindowBot = 48.917255

[Player]
ScreenPlayerX = 0.035450

[Standalone]
PinMAMEWindow = 0