[TableOverride]
ViewCabMode = 1
ViewCabScaleX = 1.055875
ViewCabScaleY = 0.787189
ViewCabScaleZ = 1.024132
ViewCabRotation = 90.000000
ViewCabPlayerX = 0.000000
ViewCabPlayerY = -151.114868
ViewCabPlayerZ = 1404.774048
ViewCabLookAt = 12.878402
ViewCabFOV = 44.111809
ViewCabHOfs = 0.221300
ViewCabVOfs = 69.083641