[Standalone]
BackBufferScale = 0.355729

[Player]
BallTrailStrength = 0.501961
JoyAddCredit2Key = 1
OverrideTableEmissionScale = 1
ScreenPlayerY = 19.983887
ScreenPlayerZ = 100.029572
ScreenWidth = 0.000000
ScreenHeight = 0.000000
ScreenInclination = 0.000000
DynamicDayNight = 0
EmissionScale = 0.334235


[TableOverride]
ViewCabMode = 2
ViewCabScaleX = 1.210431
ViewCabScaleY = 1.029604
ViewCabScaleZ = 1.043933
ViewCabRotation = 180.000000
ViewCabHOfs = 0.782900
ViewCabVOfs = 4.963874
ViewCabWindowTop = 166.672882
ViewCabWindowBot = 93.246162
ToneMapper = 0
Difficulty = 0.100295
