[Standalone]
BackBufferScale = 0.355729

[Player]
BallTrailStrength = 0.501961
JoyAddCredit2Key = 1
OverrideTableEmissionScale = 0

[TableOverride]
ViewCabMode = 0
ViewCabScaleX = 0.789810
ViewCabScaleY = 0.949763
ViewCabScaleZ = 1.000384
ViewCabRotation = 90.000000
ViewCabPlayerX = 48.010983
ViewCabPlayerY = 0.091001
ViewCabPlayerZ = -714.379822
ViewCabLookAt = 2.841099
ViewCabFOV = 30.034807
ViewCabLayback = 69.993988