[Player]
BallTrailStrength = 0.400000
OverrideTableEmissionScale = 0

[TableOverride]
ViewCabMode = 0
ViewCabScaleX = 0.818596
ViewCabScaleY = 1.052317
ViewCabScaleZ = 0.822506
ViewCabRotation = 90.000000
ViewCabPlayerX = 134.041031
ViewCabPlayerY = -0.000000
ViewCabPlayerZ = -340.000000
ViewCabLookAt = 5.000000
ViewCabFOV = 31.980921
ViewCabLayback = 48.000000