[TableOverride]
ViewCabMode = 0
ViewCabScaleX = 0.826848
ViewCabScaleY = 1.000000
ViewCabScaleZ = 1.000483
ViewCabRotation = 90.000000
ViewCabPlayerX = 13.838995
ViewCabPlayerY = 0.000000
ViewCabPlayerZ = -1013.660034
ViewCabLookAt = 0.008100
ViewCabFOV = 18.307499
ViewCabLayback = 69.029259

[Player]
ScreenPlayerX = 0.000000
ScreenPlayerY = 0.000000
ScreenPlayerZ = 70.000000