[Player]
BallTrailStrength = 0.490196
OverrideTableEmissionScale = 0

[TableOverride]
ViewCabMode = 0
ViewCabScaleX = 0.885451
ViewCabScaleY = 1.020092
ViewCabScaleZ = 0.849874
ViewCabRotation = 90.000000
ViewCabPlayerX = 41.397003
ViewCabPlayerY = -0.000000
ViewCabPlayerZ = -126.099945
ViewCabLookAt = 10.014700
ViewCabFOV = 30.026712
ViewCabLayback = 44.972572