[Standalone]
B2SHideB2SDMD = 1

[TableOverride]
ViewCabMode = 2
ViewCabScaleX = 1.162580
ViewCabScaleY = 0.993293
ViewCabScaleZ = 1.043933
ViewCabRotation = 180.000000
ViewCabHOfs = 0.032900
ViewCabVOfs = 0.000000
ViewCabWindowTop = 30.858927
ViewCabWindowBot = 30.797178
ToneMapper = 0

[TableOption]
Select LUT = 0.000000
Cabinet Rails = 0.000000
