[Player]
BallTrailStrength = 0.392157
OverrideTableEmissionScale = 0

[TableOverride]
ViewCabMode = 0
ViewCabScaleX = 0.791814
ViewCabScaleY = 0.889322
ViewCabScaleZ = 0.904995
ViewCabRotation = 90.000000
ViewCabPlayerX = -48.500000
ViewCabPlayerY = -0.000000
ViewCabPlayerZ = -347.669983
ViewCabLookAt = 3.656902
ViewCabFOV = 38.663704
ViewCabLayback = 81.085884