[TableOverride]
ViewCabMode = 2
ViewCabScaleX = 1.290122
ViewCabScaleY = 1.039232
ViewCabScaleZ = 0.998000
ViewCabRotation = 180
ViewCabHOfs = 0.000000
ViewCabVOfs = -24.142405
ViewCabWindowTop = 370.541931
ViewCabWindowBot = 87.037224

[Player]
ScreenPlayerY = 10.296695
ScreenPlayerZ = 89.322456
OverrideTableEmissionScale = 1
DynamicDayNight = 0
EmissionScale = 0.240350
ScreenWidth = 0.000000
ScreenHeight = 0.000000
ScreenInclination = 0.000000