[Player]
BallTrailStrength = 0.490196
OverrideTableEmissionScale = 1
DynamicDayNight = 0
EmissionScale = 0.358815

[TableOverride]
ViewCabMode = 0
ViewCabScaleX = 0.826040
ViewCabScaleY = 0.897882
ViewCabScaleZ = 0.926581
ViewCabRotation = 90.000000
ViewCabPlayerX = 31.544008
ViewCabPlayerY = -0.000000
ViewCabPlayerZ = -340.000000
ViewCabLookAt = 3.399501
ViewCabFOV = 42.999908
ViewCabLayback = 48.000000