[Player]
BallTrailStrength = 0.090196
OverrideTableEmissionScale = 0
ScreenPlayerY = 22.000000
ScreenPlayerZ = 95.250931
ScreenWidth = 0.000000
ScreenHeight = 0.000000
ScreenInclination = 0.000000
RefreshRate = 60

[TableOverride]
ViewCabMode = 2
ViewCabScaleX = 1.206065
ViewCabScaleY = 1.058496
ViewCabScaleZ = 1.000000
ViewCabRotation = 180.000000
ViewCabHOfs = 0.000000
ViewCabVOfs = -41.185009
ViewCabWindowTop = 375.265900
ViewCabWindowBot = 109.601227

[Standalone]
BackBufferScale = 0.416666