[Player]
BallTrailStrength = 0.090196
OverrideTableEmissionScale = 0
ScreenPlayerY = 22.000000
ScreenPlayerZ = 95.250931
ScreenWidth = 0.000000
ScreenHeight = 0.000000
ScreenInclination = 0.000000

[TableOverride]
ViewCabMode = 2
ViewCabScaleX = 1.165101
ViewCabScaleY = 1.004752
ViewCabScaleZ = 0.946256
ViewCabRotation = 180.000000
ViewCabHOfs = 0.000000
ViewCabVOfs = 0.000000
ViewCabWindowTop = 299.732941
ViewCabWindowBot = 109.601227
