[TableOverride]
ViewCabMode = 0
ViewCabScaleX = 1.057647
ViewCabScaleY = 1.150000
ViewCabScaleZ = 1.000000
ViewCabRotation = 90.000000
ViewCabPlayerX = 19.583952
ViewCabPlayerY = 0.000000
ViewCabPlayerZ = 10.090016
ViewCabLookAt = 0.000000
ViewCabFOV = 27.000000
ViewCabLayback = 76.000000

[Player]
ScreenPlayerX = 0.000000
ScreenPlayerY = 0.000000
ScreenPlayerZ = 70.000000