[Player]
BallTrailStrength = 0.200000
OverrideTableEmissionScale = 0
ScreenPlayerY = 15.000000
ScreenPlayerZ = 90.000000

[TableOverride]
ViewCabMode = 2
ViewCabScaleX = 1.095000
ViewCabScaleY = 0.985000
ViewCabScaleZ = 0.859642
ViewCabRotation = 180.000000
ViewCabHOfs = 0.000000
ViewCabVOfs = 0.000000
ViewCabWindowTop = 389.069092
ViewCabWindowBot = 135.247803