[Standalone]
PinMAMEWindow = 0

[Player]
BallTrailStrength = 0.490196
ScreenPlayerZ = 100.001221
ScreenPlayerY = 15.005247
AAFactor = 0.90

[TableOverride]
ViewCabMode = 2
ViewCabScaleX = 1.073780
ViewCabScaleY = 0.984583
ViewCabScaleZ = 0.864592
ViewCabRotation = 180.000000
ViewCabHOfs = 0.000000
ViewCabVOfs = 0.000000
ViewCabWindowTop = 134.171814
ViewCabWindowBot = 132.698212