[Player]
BallTrailStrength = 0.490196
ScreenPlayerZ = 100.001221
RMagnaSave                      = M
LMagnaSave                      = N

[TableOverride]
ViewCabMode = 2
ViewCabScaleX = 1.150489
ViewCabScaleY = 1.119991
ViewCabScaleZ = 1.000000
ViewCabRotation = 180.000000
ViewCabHOfs = 0.000000
ViewCabVOfs = -98.075554
ViewCabWindowTop = 370.541931
ViewCabWindowBot = 129.953217

[Standalone]
BackBufferScale = 0.416666