[Player]
BallTrailStrength = 0.490196
AlphaRampAccuracy = 10
ScreenPlayerX = 0.000000
ScreenPlayerY = 0.000000
ScreenPlayerZ = 70.000000

[TableOverride]
ViewCabMode = 0
ViewCabScaleX = 1.080000
ViewCabScaleY = 1.150000
ViewCabScaleZ = 1.000000
ViewCabRotation = 90.000000
ViewCabPlayerX = 59.265030
ViewCabPlayerY = 0.000000
ViewCabPlayerZ = -100.000000
ViewCabLookAt = 2.000006
ViewCabFOV = 20.000000
ViewCabLayback = 54.600071

[Standalone]
BackBufferScale = 0.666666