[Player]
BallTrailStrength = 0.490196
AlphaRampAccuracy = 10
ScreenPlayerY = 19.278864
ScreenPlayerZ = 100.252731
ScreenWidth = 0.000000
ScreenHeight = 0.000000
ScreenInclination = 0.000000

[TableOverride]
ViewCabMode = 2
ViewCabScaleX = 1.103665
ViewCabScaleY = 1.106485
ViewCabScaleZ = 1.000000
ViewCabRotation = 180.000000
ViewCabHOfs = 0.000000
ViewCabVOfs = -78.933159
ViewCabWindowTop = 370.541931
ViewCabWindowBot = 138.953217