[Standalone]
BackBufferScale = 0.666666

[Player]
BallTrailStrength = 0.490196
AlphaRampAccuracy = 10
ScreenPlayerY = 19.278864
ScreenPlayerZ = 100.252731
ScreenWidth = 0.000000
ScreenHeight = 0.000000
ScreenInclination = 0.000000
AAFactor = 0.90

[TableOverride]
ViewCabMode = 2
ViewCabScaleX = 1.001012
ViewCabScaleY = 1.016952
ViewCabScaleZ = 1.000000
ViewCabRotation = 180.000000
ViewCabHOfs = 0.000000
ViewCabVOfs = 0.000000
ViewCabWindowTop = 188.432068
ViewCabWindowBot = 105.613220
