[TableOverride]
ViewCabMode = 0
ViewCabScaleX = 0.834714
ViewCabScaleY = 1.089794
ViewCabScaleZ = 0.904995
ViewCabRotation = 90.000000
ViewCabPlayerX = -14.324010
ViewCabPlayerY = -0.000000
ViewCabPlayerZ = -340.000000
ViewCabLookAt = 5.000000
ViewCabFOV = 23.734917
ViewCabLayback = 48.000000