[Player]
ScreenPlayerY = -4.750002
ScreenPlayerZ = 100.251236
OverrideTableEmissionScale = 1
DynamicDayNight = 0
EmissionScale = 0.405465

[TableOverride]
ViewCabMode = 2
ViewCabScaleX = 1.235899
ViewCabScaleY = 1.070751
ViewCabScaleZ = 0.970914
ViewCabRotation = 180.000000
ViewCabHOfs = 5.525097
ViewCabVOfs = -53.073616
ViewCabWindowTop = 261.541931
ViewCabWindowBot = 92.953217
ToneMapper = 2
Difficulty = 0.603675