[Player]
BallTrailStrength = 0.490196
OverrideTableEmissionScale = 1
DynamicDayNight = 0
EmissionScale = 0.499570

[TableOverride]
ViewCabMode = 0
ViewCabScaleX = 0.854022
ViewCabScaleY = 1.010775
ViewCabScaleZ = 0.904934
ViewCabRotation = 90.000000
ViewCabPlayerX = 82.757980
ViewCabPlayerY = -0.080990
ViewCabPlayerZ = -340.000000
ViewCabLookAt = -0.042900
ViewCabFOV = 42.999908
ViewCabLayback = 48.000000