[Player]
ScreenPlayerY = -4.750002
ScreenPlayerZ = 100.251236
OverrideTableEmissionScale = 1
DynamicDayNight = 0
EmissionScale = 0.289320

[TableOverride]
ViewCabMode = 2
ViewCabScaleX = 1.261340
ViewCabScaleY = 1.085850
ViewCabScaleZ = 0.996355
ViewCabRotation = 180.000000
ViewCabHOfs = 4.035999
ViewCabVOfs = -63.799717
ViewCabWindowTop = 261.541931
ViewCabWindowBot = 92.953217
ToneMapper = 0
Difficulty = 0.500000