[Player]
BallTrailStrength = 0.490196
OverrideTableEmissionScale = 0

[TableOverride]
ViewCabMode = 0
ViewCabScaleX = 0.818596
ViewCabScaleY = 1.037503
ViewCabScaleZ = 0.904995
ViewCabRotation = 90.000000
ViewCabPlayerX = -30.687004
ViewCabPlayerY = -0.000000
ViewCabPlayerZ = -197.080002
ViewCabLookAt = 3.727100
ViewCabFOV = 42.999908
ViewCabLayback = 48.000000