[Player]
BallTrailStrength = 0.392157
OverrideTableEmissionScale = 0

[TableOverride]
ViewCabMode = 0
ViewCabScaleX = 0.745998
ViewCabScaleY = 0.888160
ViewCabScaleZ = 0.906933
ViewCabRotation = 90.000000
ViewCabPlayerX = 47.381023
ViewCabPlayerY = 10.860998
ViewCabPlayerZ = -384.369965
ViewCabLookAt = 5.000000
ViewCabFOV = 42.999908
ViewCabLayback = 48.000000