[Player]
BallTrailStrength = 0.392157
OverrideTableEmissionScale = 0

[TableOverride]
ViewCabMode = 0
ViewCabScaleX = 0.745998
ViewCabScaleY = 0.790771
ViewCabScaleZ = 0.906985
ViewCabRotation = 90.000000
ViewCabPlayerX = 49.293018
ViewCabPlayerY = -0.272002
ViewCabPlayerZ = -384.369965
ViewCabLookAt = 5.018502
ViewCabFOV = 42.999908
ViewCabLayback = 48.000000