[Player]
BallTrailStrength = 0.490196
OverrideTableEmissionScale = 0
JoyAddCredit2Key = 1

[TableOverride]
ViewCabMode = 2
ViewCabScaleX = 1.232964
ViewCabScaleY = 0.990833
ViewCabScaleZ = 0.939812
ViewCabRotation = 180.000000
ViewCabHOfs = 0.000000
ViewCabVOfs = 0.000000
ViewCabWindowTop = 284.659973
ViewCabWindowBot = 64.276215

[TableOption]
Select LUT = 0.000000
Desktop DMD = 0.000000
Cabinet Rails = 0.000000
Side Blades = 1.000000
