[TableOverride]
ViewCabMode = 2
ViewCabScaleX = 1.372391
ViewCabScaleY = 1.095815
ViewCabScaleZ = 1.067288
ViewCabRotation = 180.000000
ViewCabHOfs = -1.985699
ViewCabVOfs = -81.004677
ViewCabWindowTop = 376.855988
ViewCabWindowBot = 98.367218

[Player]
ScreenPlayerY = 16.264351
ScreenPlayerZ = 100.312576
ScreenWidth = 0.000000
ScreenHeight = 0.000000
ScreenInclination = 0.000000