[Player]
BallTrailStrength = 0.490196
AlphaRampAccuracy = 5
OverrideTableEmissionScale = 0

[TableOverride]
ViewCabMode = 0
ViewCabScaleX = 0.789713
ViewCabScaleY = 0.876561
ViewCabScaleZ = 0.854785
ViewCabRotation = 90.000000
ViewCabPlayerX = -7.658983
ViewCabPlayerY = 4.208995
ViewCabPlayerZ = -340.000000
ViewCabLookAt = 5.000000
ViewCabFOV = 42.984825
ViewCabLayback = 48.000000