[Player]
BallTrailStrength = 0.392157
OverrideTableEmissionScale = 0
JoyAddCredit2Key = 1

[TableOverride]
ViewCabMode = 0
ViewCabScaleX = 0.846040
ViewCabScaleY = 1.088782
ViewCabScaleZ = 0.904995
ViewCabRotation = 90.000000
ViewCabPlayerX = -32.708000
ViewCabPlayerY = -0.000000
ViewCabPlayerZ = -340.000000
ViewCabLookAt = 5.000000
ViewCabFOV = 42.999908
ViewCabLayback = 48.000000