[TableOverride]
ViewDTLookAt = 50.000000
ViewDTFOV = 36.000000
ViewDTLayback = 0.000000
ViewDTRotation = 0.000000
ViewDTScaleX = 1.000000
ViewDTScaleY = 1.000000
ViewDTScaleZ = 1.000000
ViewDTPlayerX = 0.000000
ViewDTPlayerY = 0.000000
ViewDTPlayerZ = -250.000000
ViewCabLookAt = 8.000000
ViewCabFOV = 10.000000
ViewCabLayback = 50.000000
ViewCabRotation = 90.000000
ViewCabScaleX = 1.000000
ViewCabScaleY = 1.120000
ViewCabScaleZ = 1.000000
ViewCabPlayerX = -4.644000
ViewCabPlayerY = 0.000000
ViewCabPlayerZ = -300.000000
ViewFSSLookAt = 54.000000
ViewFSSFOV = 32.000000
ViewFSSLayback = 0.000000
ViewFSSRotation = 360.000000
ViewFSSScaleX = 1.130000
ViewFSSScaleY = 1.130000
ViewFSSScaleZ = 1.000000
ViewFSSPlayerX = 0.000000
ViewFSSPlayerY = 0.000000
ViewFSSPlayerZ = 0.000000
ViewCabMode = 0

[Standalone]
#BackBufferScale = 0.66

[Player]
FXAA = 1