[Standalone]
B2SHideB2SDMD  = 1

[TableOverride]
ViewCabMode = 2
ViewCabScaleX = 1.143786
ViewCabScaleY = 0.991259
ViewCabScaleZ = 0.859642
ViewCabRotation = 180.000000
ViewCabHOfs = 0.000000
ViewCabVOfs = 0.041922
ViewCabWindowTop = 43.352974
ViewCabWindowBot = 42.445274

[TableOption]
Select LUT = 0.000000
Cabinet Rails = 0.000000