[Player]
BallTrailStrength = 0.392157
OverrideTableEmissionScale = 0

[TableOverride]
ViewCabMode = 2
ViewCabScaleX = 1.249986
ViewCabScaleY = 1.053518
ViewCabScaleZ = 1.000000
ViewCabRotation = 180.000000
ViewCabHOfs = 0.000000
ViewCabVOfs = -21.580303
ViewCabWindowTop = 380.185944
ViewCabWindowBot = 139.854172