[TableOverride]
ViewCabMode = 1
ViewCabScaleX = 0.999973
ViewCabScaleY = 0.907463
ViewCabScaleZ = 0.975244
ViewCabRotation = 90.000000
ViewCabPlayerX = 0.000000
ViewCabPlayerY = -151.114868
ViewCabPlayerZ = 1404.774048
ViewCabLookAt = 5.000000
ViewCabFOV = 44.111809
ViewCabHOfs = 0.221300
ViewCabVOfs = 72.487213