[TableOverride]
ViewCabMode = 2
ViewCabScaleX = 1.110059
ViewCabScaleY = 1.135868
ViewCabScaleZ = 0.999944
ViewCabRotation = 180.000000
ViewCabHOfs = 0.000000
ViewCabVOfs = -103.991684
ViewCabWindowTop = 325.541931
ViewCabWindowBot = 83.953270

[Player]
MusicVolume = 60
SoundVolume = 60
ScreenPlayerY = 8
ScreenPlayerZ = 100
ScreenWidth = 0.000000
ScreenHeight = 0.000000
ScreenInclination = 0.000000