[TableOverride]
ViewCabMode = 2
ViewCabScaleX = 1.058495
ViewCabScaleY = 0.986663
ViewCabScaleZ = 0.880256
ViewCabRotation = 180.000000
ViewCabHOfs = 0.000000
ViewCabVOfs = 23.165613
ViewCabWindowTop = 0.238954
ViewCabWindowBot = 0.199257

[Player]
MusicVolume = 60
SoundVolume = 60
ScreenPlayerY = 8.001500
ScreenPlayerZ = 100.043365
ScreenWidth = 0.000000
ScreenHeight = 0.000000
ScreenInclination = 0.000000
