[Player]
BallTrailStrength = 0.490196
MusicVolume = 100
SoundVolume = 6

[TableOverride]
ViewCabMode = 0
ViewCabScaleX = 0.753225
ViewCabScaleY = 0.914145
ViewCabScaleZ = 0.904995
ViewCabRotation = 90.000000
ViewCabPlayerX = 35.194008
ViewCabPlayerY = -0.000000
ViewCabPlayerZ = -340.000000
ViewCabLookAt = 5.000000
ViewCabFOV = 42.999908
ViewCabLayback = 48.000000
