[Player]
BallTrailStrength = 0.490196
ScreenPlayerZ = 94.950912
OverrideTableEmissionScale = 1
DynamicDayNight = 0
EmissionScale = 0.612335
ScreenWidth = 0.000000
ScreenHeight = 0.000000
ScreenInclination = 0.000000

[TableOverride]
ViewCabMode = 2
ViewCabScaleX = 1.222891
ViewCabScaleY = 1.095711
ViewCabScaleZ = 1.000000
ViewCabRotation = 180.000000
ViewCabHOfs = 0.000000
ViewCabVOfs = -67.483170
ViewCabWindowTop = 370.541931
ViewCabWindowBot = 103.953217