[Player]
BallTrailStrength = 0.490196
ScreenPlayerZ = 94.950912
OverrideTableEmissionScale = 1
DynamicDayNight = 0
EmissionScale = 0.612335
ScreenWidth = 0.000000
ScreenHeight = 0.000000
ScreenInclination = 0.000000
ScreenPlayerY = 15.003008

[TableOverride]
ViewCabMode = 2
ViewCabScaleX = 1.136850
ViewCabScaleY = 1.003044
ViewCabScaleZ = 0.896116
ViewCabRotation = 180.000000
ViewCabHOfs = 0.000000
ViewCabVOfs = 0.000000
ViewCabWindowTop = 209.654755
ViewCabWindowBot = 0.230177
