[TableOverride]
ViewCabMode = 2
ViewCabScaleX = 1.149983
ViewCabScaleY = 1.065955
ViewCabScaleZ = 1.020034
ViewCabRotation = 180.000000
ViewCabHOfs = 0.896600
ViewCabVOfs = -31.787701
ViewCabWindowTop = 389.749908
ViewCabWindowBot = 92.594238
ToneMapper = 0

[Player]
ScreenPlayerZ = 95.337433
OverrideTableEmissionScale = 1
DynamicDayNight = 0
EmissionScale = 0.452815
ScreenPlayerY = 16.333141
ScreenWidth = 0.000000
ScreenHeight = 0.000000
ScreenInclination = 0.000000

[Standalone]
BackBufferScale = 0.355729