[TableOverride]
ViewCabMode = 2
ViewCabScaleX = 1.098742
ViewCabScaleY = 1.014713
ViewCabScaleZ = 0.968792
ViewCabRotation = 180.000000
ViewCabHOfs = 0.002900
ViewCabVOfs = 0.000000
ViewCabWindowTop = 363.233978
ViewCabWindowBot = 92.594238
ToneMapper = 0

[Player]
ScreenPlayerZ = 95.337433
OverrideTableEmissionScale = 1
DynamicDayNight = 0
EmissionScale = 0.452815
ScreenPlayerY = 16.333141
ScreenWidth = 0.000000
ScreenHeight = 0.000000
ScreenInclination = 0.000000
