[TableOverride]
ViewCabMode = 0
ViewCabScaleX = 0.740402
ViewCabScaleY = 0.904929
ViewCabScaleZ = 0.849115
ViewCabRotation = 90.000000
ViewCabPlayerX = 53.125000
ViewCabPlayerY = -0.000000
ViewCabPlayerZ = -340.000000
ViewCabLookAt = 0.500007
ViewCabFOV = 42.999908
ViewCabLayback = 48.000000