[Player]
BallTrailStrength = 0.490196
OverrideTableEmissionScale = 1
DynamicDayNight = 0
EmissionScale = 0.398615

[TableOverride]
ViewCabMode = 0
ViewCabScaleX = 0.855378
ViewCabScaleY = 0.999772
ViewCabScaleZ = 0.900251
ViewCabRotation = 90.000000
ViewCabPlayerX = 5.081006
ViewCabPlayerY = -0.000000
ViewCabPlayerZ = -243.010162
ViewCabLookAt = 9.984094
ViewCabFOV = 29.986992
ViewCabLayback = 60.027634