[Standalone]
B2SHideGrill = 0

[TableOverride]
ViewCabMode = 0
ViewCabScaleX = 0.765124
ViewCabScaleY = 0.841567
ViewCabScaleZ = 0.904995
ViewCabRotation = 90.000000
ViewCabPlayerX = 35.910004
ViewCabPlayerY = -0.000000
ViewCabPlayerZ = -340.000000
ViewCabLookAt = 5.000000
ViewCabFOV = 42.999908
ViewCabLayback = 48.000000