[Player]
BallTrail = 0
BallTrailStrength = 0.490196

[TableOverride]
ViewCabMode = 0
ViewCabScaleX = 0.942091
ViewCabScaleY = 1.057999
ViewCabScaleZ = 0.904995
ViewCabRotation = 90.000000
ViewCabPlayerX = -27.469002
ViewCabPlayerY = -0.000000
ViewCabPlayerZ = -340.000000
ViewCabLookAt = 5.000000
ViewCabFOV = 13.368996
ViewCabLayback = 48.000000