[Player]
BallTrailStrength = 0.490196
OverrideTableEmissionScale = 0

[TableOverride]
ViewCabMode = 0
ViewCabScaleX = 0.745629
ViewCabScaleY = 0.880033
ViewCabScaleZ = 0.901173
ViewCabRotation = 90.000000
ViewCabPlayerX = 38.577995
ViewCabPlayerY = -0.000000
ViewCabPlayerZ = -340.000000
ViewCabLookAt = 0.382500
ViewCabFOV = 47.370697
ViewCabLayback = 48.000000