[Player]
BallTrailStrength = 0.392157
AlphaRampAccuracy = 10
OverrideTableEmissionScale = 1
ScreenPlayerZ = 90.750557
DynamicDayNight = 0
EmissionScale = 0.398815
ScreenPlayerX = 0.007150
ScreenPlayerY = 26.195948

[TableOverride]
ViewCabMode = 2
ViewCabScaleX = 1.239788
ViewCabScaleY = 0.922977
ViewCabScaleZ = 0.564672
ViewCabRotation = 180.000000
ViewCabHOfs = 0.000000
ViewCabVOfs = 67.631577
ViewCabWindowTop = 231.512085
ViewCabWindowBot = 0.655217