[Player]
BallTrailStrength = 0.392157
AlphaRampAccuracy = 10
OverrideTableEmissionScale = 1
ScreenPlayerZ = 99.951218
DynamicDayNight = 0
EmissionScale = 0.398815

[TableOverride]
ViewCabMode = 2
ViewCabScaleX = 1.327794
ViewCabScaleY = 1.080000
ViewCabScaleZ = 1.000000
ViewCabRotation = 180.000000
ViewCabHOfs = 0.000000
ViewCabVOfs = -36.180637
ViewCabWindowTop = 527.984985
ViewCabWindowBot = 133.951202