[Player]
BallTrailStrength = 0.392157
AlphaRampAccuracy = 10
OverrideTableEmissionScale = 1
ScreenPlayerZ = 99.951218
DynamicDayNight = 0
EmissionScale = 0.398815
ScreenPlayerX = -2.831100

[TableOverride]
ViewCabMode = 2
ViewCabScaleX = 1.341846
ViewCabScaleY = 1.168249
ViewCabScaleZ = 1.000000
ViewCabRotation = 180.000000
ViewCabHOfs = 0.000000
ViewCabVOfs = -98.596329
ViewCabWindowTop = 527.984985
ViewCabWindowBot = 133.951202