[Player]
BallTrailStrength = 0.392157
AlphaRampAccuracy = 10
OverrideTableEmissionScale = 1
ScreenPlayerZ = 99.951866
DynamicDayNight = 0
EmissionScale = 0.398815
ScreenPlayerX = 0.007150
ScreenPlayerY = 20.028307

[TableOverride]
ViewCabMode = 2
ViewCabScaleX = 1.225887
ViewCabScaleY = 0.999629
ViewCabScaleZ = 0.564619
ViewCabRotation = 180.000000
ViewCabHOfs = 0.000000
ViewCabVOfs = 0.012371
ViewCabWindowTop = 411.227173
ViewCabWindowBot = 113.451363