[TableOverride]
ViewCabMode = 2
ViewCabScaleX = 1.259339
ViewCabScaleY = 0.957247
ViewCabScaleZ = 0.859642
ViewCabRotation = 180.000000
ViewCabHOfs = 0.000000
ViewCabVOfs = 0.041922
ViewCabWindowTop = 523.975708
ViewCabWindowBot = 239.199219

[Player]
ScreenPlayerY = 0.028505
ScreenPlayerZ = 99.963066
ScreenWidth                     = 70
ScreenHeight                    = 40
ScreenInclination               = 10
OverrideTableEmissionScale = 1
DynamicDayNight = 0
EmissionScale = 0.403920

[TableOption]
Flashing Lights = 1.000000
Mech Volume = 0.800000
Ball Roll Volume = 0.500000
Ramp Roll Volume = 0.300000