[Player]
BallTrailStrength = 0.392157
OverrideTableEmissionScale = 1
DynamicDayNight = 0
EmissionScale = 0.200655
ScreenPlayerY = 21.290295
ScreenPlayerZ = 100.316963
ScreenWidth = 0.000000
ScreenHeight = 0.000000
ScreenInclination = 0.000000

[TableOverride]
ViewCabMode = 2
ViewCabScaleX = 1.250118
ViewCabScaleY = 0.982379
ViewCabScaleZ = 1.009280
ViewCabRotation = 180.000000
ViewCabHOfs = 4.357799
ViewCabVOfs = 36.125767
ViewCabWindowTop = 197.924942
ViewCabWindowBot = 102.856255

[Standalone]
WindowRenderMode = 0
BackBufferScale = 0.355729
B2SPlugins = 1
PUPCapture = 1
PUPPlugin = 1
