[Player]
BallTrailStrength = 0.392157
OverrideTableEmissionScale = 1
DynamicDayNight = 0
EmissionScale = 0.200655
ScreenPlayerY = -2.274893
ScreenPlayerZ = 70.215576
ScreenWidth = 0.000000
ScreenHeight = 0.000000
ScreenInclination = 0.000000
AAFactor = 0.90

[TableOverride]
ViewCabMode = 2
ViewCabScaleX = 1.246687
ViewCabScaleY = 1.048765
ViewCabScaleZ = 0.866198
ViewCabRotation = 180.000000
ViewCabHOfs = 1.560798
ViewCabVOfs = -25.257784
ViewCabWindowTop = 250.541931
ViewCabWindowBot = 138.953217

[Standalone]
B2SPlugins = 1
PUPCapture = 1
PUPPlugin = 1
BackBufferScale = 0.416666
