[Player]
BallTrailStrength = 0.490196
OverrideTableEmissionScale = 0

[TableOverride]
ViewCabMode = 0
ViewCabScaleX = 0.849390
ViewCabScaleY = 1.045086
ViewCabScaleZ = 1.083185
ViewCabRotation = 90.000000
ViewCabPlayerX = -9.666996
ViewCabPlayerY = -0.000000
ViewCabPlayerZ = -354.579987
ViewCabLookAt = 4.308598
ViewCabFOV = 42.999908
ViewCabLayback = 48.000000