[TableOverride]
ViewCabMode = 2
ViewCabScaleX = 1.225132
ViewCabScaleY = 0.999583
ViewCabScaleZ = 0.795644
ViewCabRotation = 180.000000
ViewCabHOfs = 0.000000
ViewCabVOfs = 0.021121
ViewCabWindowTop = 250.592941
ViewCabWindowBot = 59.363213

[Player]
ScreenPlayerY = 8.042652
ScreenPlayerZ = 69.982521