[Standalone]
BackBufferScale = 0.416666
WindowRenderMode = 0

[TableOverride]
ViewCabMode = 2
ViewCabScaleX = 1.334483
ViewCabScaleY = 1.108934
ViewCabScaleZ = 0.904995
ViewCabRotation = 180.000000
ViewCabHOfs = 0.000000
ViewCabVOfs = -76.334610
ViewCabWindowTop = 370.541931
ViewCabWindowBot = 166.213287