[Player]
BallTrailStrength = 0.392157
AlphaRampAccuracy = 10
OverrideTableEmissionScale = 0

[TableOverride]
ViewCabMode = 0
ViewCabScaleX = 0.893338
ViewCabScaleY = 1.039835
ViewCabScaleZ = 1.196513
ViewCabRotation = 90.000000
ViewCabPlayerX = 94.627769
ViewCabPlayerY = 1.181004
ViewCabPlayerZ = -695.220032
ViewCabLookAt = -0.113499
ViewCabFOV = 42.386795
ViewCabLayback = 48.000000