[Standalone]
WindowRenderMode = 0

[Player]
MaxTexDimension = 4096
FXAA = 1
MusicVolume = 40

[TableOverride]
ViewCabMode = 0
ViewCabScaleX = 0.800720
ViewCabScaleY = 1.037503
ViewCabScaleZ = 0.904995
ViewCabRotation = 90.000000
ViewCabPlayerX = -41.574001
ViewCabPlayerY = -1.455000
ViewCabPlayerZ = -381.369934
ViewCabLookAt = 7.977200
ViewCabFOV = 42.999908
ViewCabLayback = 48.000000