[TableOverride]
ViewCabMode = 2
ViewCabScaleX = 1.350043
ViewCabScaleY = 1.181294
ViewCabScaleZ = 1.050632
ViewCabRotation = 180.000000
ViewCabHOfs = -1.033300
ViewCabVOfs = -118.628326
ViewCabWindowTop = 371.715942
ViewCabWindowBot = 120.660225
ToneMapper = 2
Difficulty = 0.504290

[Player]
ScreenPlayerZ = 91.825783
ScreenWidth = 0.000000
ScreenHeight = 0.000000
ScreenInclination = 0.000000
ScreenPlayerY = 18.294546
OverrideTableEmissionScale = 1
DynamicDayNight = 0
EmissionScale = 0.320580