[TableOverride]
ViewCabMode = 2
ViewCabScaleX = 1.202793
ViewCabScaleY = 0.999818
ViewCabScaleZ = 0.867604
ViewCabRotation = 180.000000
ViewCabHOfs = 0.032800
ViewCabVOfs = 0.000000
ViewCabWindowTop = 303.297028
ViewCabWindowBot = 120.660225
ToneMapper = 0

[Player]
ScreenPlayerZ = 91.825783
ScreenWidth = 0.000000
ScreenHeight = 0.000000
ScreenInclination = 0.000000
ScreenPlayerY = 18.294546
OverrideTableEmissionScale = 1
DynamicDayNight = 0
EmissionScale = 0.320580
