[Player]
BallTrail = 0
BallTrailStrength = 0.490196

[TableOverride]
ViewDTLookAt = 40.000000
ViewDTFOV = 60.000000
ViewDTLayback = 0.000000
ViewDTRotation = 0.000000
ViewDTScaleX = 1.000000
ViewDTScaleY = 1.000000
ViewDTScaleZ = 1.000000
ViewDTPlayerX = 0.000000
ViewDTPlayerY = 117.799232
ViewDTPlayerZ = -180.000000
ViewCabLookAt = 1.454200
ViewCabFOV = 34.000000
ViewCabLayback = 48.000000
ViewCabRotation = 90.000000
ViewCabScaleX = 1.027999
ViewCabScaleY = 1.077999
ViewCabScaleZ = 1.000000
ViewCabPlayerX = -89.133644
ViewCabPlayerY = -8.199997
ViewCabPlayerZ = -256.319946
ViewFSSLookAt = 8.000000
ViewFSSFOV = 34.000000
ViewFSSLayback = 48.000000
ViewFSSRotation = 0.000000
ViewFSSScaleX = 0.980000
ViewFSSScaleY = 1.000000
ViewFSSScaleZ = 1.000000
ViewFSSPlayerX = 38.400051
ViewFSSPlayerY = 0.000000
ViewFSSPlayerZ = -320.000000
ViewCabMode = 0