[TableOverride]
ViewCabMode = 2
ViewCabScaleX = 1.211811
ViewCabScaleY = 0.981477
ViewCabScaleZ = 1.000000
ViewCabRotation = 180.000000
ViewCabHOfs = 0.000000
ViewCabVOfs = 0.000000
ViewCabWindowTop = 305.961060
ViewCabWindowBot = 146.919205

[Player]
ScreenPlayerY = 14.952209
ScreenPlayerZ = 90.029099
ScreenWidth = 0.000000
ScreenHeight = 0.000000
ScreenInclination = 0.000000
OverrideTableEmissionScale = 1
DynamicDayNight = 0
EmissionScale = 0.182950