[TableOverride]
ViewCabMode = 2
ViewCabScaleX = 1.252146
ViewCabScaleY = 1.013278
ViewCabScaleZ = 1.000000
ViewCabRotation = 180.000000
ViewCabHOfs = 0.000000
ViewCabVOfs = -11.081195
ViewCabWindowTop = 354.464020
ViewCabWindowBot = 146.919205

[Player]
ScreenPlayerY = 25.279652
ScreenPlayerZ = 99.268097
ScreenWidth = 0.000000
ScreenHeight = 0.000000
ScreenInclination = 0.000000
ScreenPlayerX = 0.000000
OverrideTableEmissionScale = 1
DynamicDayNight = 0
EmissionScale = 0.182950
AAFactor = 0.75

[Standalone]
BackBufferScale = 0.666666