[TableOverride]
ViewCabMode = 1
ViewCabScaleX = 1.073564
ViewCabScaleY = 0.802649
ViewCabScaleZ = 1.051390
ViewCabRotation = 90.000000
ViewCabPlayerX = 0.071009
ViewCabPlayerY = 14.646117
ViewCabPlayerZ = 1404.774048
ViewCabLookAt = 4.687298
ViewCabFOV = 44.111809
ViewCabHOfs = 0.221300
ViewCabVOfs = 80.368698