[TableOverride]
ViewCabMode = 0
ViewCabScaleX = 0.894257
ViewCabScaleY = 1.197027
ViewCabScaleZ = 0.906468
ViewCabRotation = 90.000000
ViewCabPlayerX = 11.971008
ViewCabPlayerY = -0.000000
ViewCabPlayerZ = -340.000000
ViewCabLookAt = 5.000000
ViewCabFOV = 42.999908
ViewCabLayback = 48.000000