[Player]
BallTrailStrength = 0.490196
OverrideTableEmissionScale = 1
ScreenPlayerY = 22.000000
ScreenPlayerZ = 93.314774
DynamicDayNight = 0
EmissionScale = 0.400420
ScreenWidth = 0.000000
ScreenHeight = 0.000000
ScreenInclination = 0.000000

[TableOverride]
ViewCabMode = 2
ViewCabScaleX = 1.219336
ViewCabScaleY = 1.043710
ViewCabScaleZ = 1.000000
ViewCabRotation = 180.000000
ViewCabHOfs = 4.381298
ViewCabVOfs = -27.370508
ViewCabWindowTop = 362.369934
ViewCabWindowBot = 138.953217

[Standalone]
BackBufferScale = 0.355729