[Player]
BallTrailStrength = 0.490196
OverrideTableEmissionScale = 1
ScreenPlayerY = 22.000000
ScreenPlayerZ = 93.314774
DynamicDayNight = 0
EmissionScale = 0.400420
ScreenWidth = 0.000000
ScreenHeight = 0.000000
ScreenInclination = 0.000000
AAFactor = 0.90

[TableOverride]
ViewCabMode = 2
ViewCabScaleX = 1.225610
ViewCabScaleY = 1.000076
ViewCabScaleZ = 0.956365
ViewCabRotation = 180.000000
ViewCabHOfs = 0.034798
ViewCabVOfs = 0.018696
ViewCabWindowTop = 303.029968
ViewCabWindowBot = 138.953217