[Player]
BallTrailStrength = 0.490196
OverrideTableEmissionScale = 1
ScreenPlayerY = 6.234954
DynamicDayNight = 0
EmissionScale = 0.305085
ScreenWidth = 0.000000
ScreenHeight = 0.000000
ScreenInclination = 0.000000

[TableOverride]
ViewCabMode = 2
ViewCabScaleX = 1.326300
ViewCabScaleY = 1.044855
ViewCabScaleZ = 1.000000
ViewCabRotation = 180
ViewCabHOfs = 0.000000
ViewCabVOfs = -23.598499
ViewCabWindowTop = 314.397003
ViewCabWindowBot = 138.953217