[Player]
BallTrailStrength = 0.392157
OverrideTableEmissionScale = 0


[TableOverride]
ViewCabMode = 2
ViewCabScaleX = 1.204560
ViewCabScaleY = 1.128956
ViewCabScaleZ = 1.034711
ViewCabRotation = 180.000000
ViewCabHOfs = 0.000000
ViewCabVOfs = -104.259689
ViewCabWindowTop = 252.670761
ViewCabWindowBot = 83.953270