[TableOverride]
ViewCabMode = 2
ViewCabScaleX = 1.237435
ViewCabScaleY = 0.959205
ViewCabScaleZ = 1.095503
ViewCabRotation = 180.000000
ViewCabHOfs = 0.009100
ViewCabVOfs = -66.732193
ViewCabWindowTop = 323.473816
ViewCabWindowBot = 120.632187

[Player]
ScreenPlayerX = -0.049050
ScreenPlayerY = -0.042600