[Player]
OverrideTableEmissionScale = 1
EmissionScale = 0.807645
JoyAddCredit2Key = 1
ScreenPlayerY = 14.999967
ScreenPlayerZ = 89.978729

[TableOverride]
ViewCabMode = 2
ViewCabScaleX = 1.134937
ViewCabScaleY = 0.955002
ViewCabHOfs = 0.018750
ViewCabVOfs = 0.000000
ViewCabWindowTop = 217.428879
ViewCabWindowBot = 138.953217
ViewCabRotation = 180.000000
ViewCabScaleZ = 0.822032