[Standalone]
; Remove to stretch backglass
B2SBackglassX              = 5530
B2SBackglassWidth          = 939

[TableOverride]
ViewCabMode = 0
ViewCabScaleX = 1.000000
ViewCabScaleY = 1.050138
ViewCabScaleZ = 1.000000
ViewCabRotation = 90.000000
ViewCabPlayerX = -12.215991
ViewCabPlayerY = 0.000000
ViewCabPlayerZ = -330.000000
ViewCabLookAt = 4.962203
ViewCabFOV = 27.046499
ViewCabLayback = 40.044472