[Player]
BallTrailStrength = 0.490196
ScreenPlayerX = 0.000000
ScreenPlayerY = 0.000000
ScreenPlayerZ = 70.000000
BallAntiStretch = 1

[TableOverride]
ViewCabMode = 0
ViewCabScaleX = 0.734595
ViewCabScaleY = 1.000000
ViewCabScaleZ = 1.000000
ViewCabRotation = 90.000000
ViewCabPlayerX = 7.589003
ViewCabPlayerY = 2.200000
ViewCabPlayerZ = -670.000000
ViewCabLookAt = 8.200000
ViewCabFOV = 31.200001
ViewCabLayback = 53.000000
