[TableOverride]
ViewCabMode = 2
ViewCabScaleX = 1.186003
ViewCabScaleY = 1.056234
ViewCabScaleZ = 0.880899
ViewCabRotation = 180.000000
ViewCabHOfs = -1.985699
ViewCabVOfs = -39.616196
ViewCabWindowTop = 300.464020
ViewCabWindowBot = 98.367218

[Player]
ScreenPlayerY = 16.264351
ScreenPlayerZ = 100.312576
ScreenWidth = 0.000000
ScreenHeight = 0.000000
ScreenInclination = 0.000000