[TableOverride]
ViewCabMode = 2
ViewCabScaleX = 1.091051
ViewCabScaleY = 0.995443
ViewCabScaleZ = 1.000000
ViewCabRotation = 180.000000
ViewCabHOfs = 0.000000
ViewCabVOfs = 0.033316
ViewCabWindowTop = 333.295837
ViewCabWindowBot = 156.746155

[Player]
ScreenPlayerY = 18.320299
ScreenPlayerZ = 100.347061