[Player]
MaxTexDimension = 3072
OverrideTableEmissionScale = 1
DynamicDayNight = 0
EmissionScale = 0.300640
BallTrailStrength = 0.392157
AlphaRampAccuracy = 10
ScreenPlayerZ = 90.002815
MusicVolume = 15
SoundVolume = 15
ScreenPlayerY = 15.015953
AAFactor = 0.90

[Standalone]
BackBufferScale = 0.666666

[TableOverride]
ToneMapper = 2
ViewCabMode = 2
ViewCabScaleX = 1.191692
ViewCabScaleY = 0.996977
ViewCabScaleZ = 0.997107
ViewCabRotation = 180.000000
ViewCabHOfs = 0.000000
ViewCabVOfs = 0.000000
ViewCabWindowTop = 397.178986
ViewCabWindowBot = 141.715179

[TableOption]
Select LUT = 0.000000
DMD Type = 1.000000
FlexDMD Quality = 1.000000
Cabinet Rails = 1.000000
Side Blades = 1.000000
Balls per Game = 0.000000
Free Play = 1.000000
Music = 1.000000
Music Volume = 0.200000