[Player]
ScreenPlayerY = 15.000000
ScreenPlayerZ = 90.000000

[TableOverride]
ViewCabMode = 2
ViewCabScaleX = 1.195000
ViewCabScaleY = 0.991259
ViewCabScaleZ = 0.859642
ViewCabRotation = 180.000000
ViewCabHOfs = 0.000000
ViewCabVOfs = 0.000000
ViewCabWindowTop = 303.844482
ViewCabWindowBot = 33.348877

[Standalone]
POVLinkTableScaleXY = 0