[Standalone]
WindowRenderMode = 0

[Player]
FXAA = 1

[TableOverride]
ViewCabMode = 0
ViewCabScaleX = 0.795228
ViewCabScaleY = 1.029012
ViewCabScaleZ = 0.896505
ViewCabRotation = 90.000000
ViewCabPlayerX = 12.727020
ViewCabPlayerY = 4.161000
ViewCabPlayerZ = -416.880096
ViewCabLookAt = 5.000000
ViewCabFOV = 42.999908
ViewCabLayback = 48.000000