[TableOverride]
ViewCabMode = 1
ViewCabScaleX = 1.023999
ViewCabScaleY = 0.771473
ViewCabScaleZ = 1.105699
ViewCabRotation = 90.000000
ViewCabPlayerX = -1.994002
ViewCabPlayerY = -151.114868
ViewCabPlayerZ = 1404.774048
ViewCabLookAt = 5.000000
ViewCabFOV = 43.814411
ViewCabHOfs = 1.367600
ViewCabVOfs = 82.683868