[Player]
MaxFramerate = 0
BallTrailStrength = 0.250980
OverrideTableEmissionScale = 0
ScreenPlayerX = 0.000000
ScreenPlayerY = 0.000000
ScreenPlayerZ = 70.000000

[TableOverride]
ViewCabMode = 0
ViewCabScaleX = 0.980001
ViewCabScaleY = 1.250410
ViewCabScaleZ = 1.000248
ViewCabRotation = 90.000000
ViewCabPlayerX = -94.758026
ViewCabPlayerY = 0.000000
ViewCabPlayerZ = -2.860001
ViewCabLookAt = 6.000000
ViewCabFOV = 21.000000
ViewCabLayback = 60.000000