[Player]
MaxTexDimension = 3072
FXAA = 1

[Standalone]
WindowRenderMode = 0

[TableOverride]
ViewCabMode = 0
ViewCabScaleX = 0.669472
ViewCabScaleY = 0.888378
ViewCabScaleZ = 0.755871
ViewCabRotation = 90.000000
ViewCabPlayerX = -16.711020
ViewCabPlayerY = -0.407000
ViewCabPlayerZ = -490.379974
ViewCabLookAt = 5.000000
ViewCabFOV = 43.197807
ViewCabLayback = 48.000000