[Player]
BallTrailStrength = 0.196078
OverrideTableEmissionScale = 0

[TableOverride]
ViewCabMode = 0
ViewCabScaleX = 0.783604
ViewCabScaleY = 1.037503
ViewCabScaleZ = 0.823747
ViewCabRotation = 90.000000
ViewCabPlayerX = -80.478996
ViewCabPlayerY = -0.000000
ViewCabPlayerZ = -340.000000
ViewCabLookAt = 5.000000
ViewCabFOV = 42.999908
ViewCabLayback = 48.000000