[Player]
BallTrailStrength = 0.400000
AlphaRampAccuracy = 10
OverrideTableEmissionScale = 1
DynamicDayNight = 0
EmissionScale = 0.163380
ScreenPlayerY = 16.317749
ScreenPlayerZ = 96.281342
ScreenWidth = 0.000000
ScreenHeight = 0.000000
ScreenInclination = 0.000000

[TableOverride]
ViewCabMode = 2
ViewCabScaleX = 1.227705
ViewCabScaleY = 1.042935
ViewCabScaleZ = 1.000000
ViewCabRotation = 180.000000
ViewCabHOfs = 1.036000
ViewCabVOfs = -32.203796
ViewCabWindowTop = 367.166962
ViewCabWindowBot = 127.915222