[Player]
BallTrailStrength = 0.450980

[Standalone]
B2SHideGrill = 1

[TableOverride]
ViewCabMode = 0
ViewCabScaleX = 0.739538
ViewCabScaleY = 0.900393
ViewCabScaleZ = 1.000172
ViewCabRotation = 90.000000
ViewCabPlayerX = 11.325008
ViewCabPlayerY = -0.000000
ViewCabPlayerZ = -656.250122
ViewCabLookAt = 0.048499
ViewCabFOV = 30.021511
ViewCabLayback = 69.968796