[TableOverride]
ViewCabMode = 2
ViewCabScaleX = 1.291789
ViewCabScaleY = 1.068181
ViewCabScaleZ = 1.000000
ViewCabRotation = 180.000000
ViewCabHOfs = 9.045301
ViewCabVOfs = -32.212208
ViewCabWindowTop = 376.987946
ViewCabWindowBot = 98.423241

[Player]
ScreenPlayerY = 16.256607
ScreenPlayerZ = 95.316154
OverrideTableEmissionScale = 1
DynamicDayNight = 0
EmissionScale = 0.312510
ScreenWidth = 0.000000
ScreenHeight = 0.000000
ScreenInclination = 0.000000
JoyAddCredit2Key = 1

[Standalone]
BackBufferScale = 0.416666