[TableOverride]
ViewCabMode = 2
ViewCabScaleX = 1.266145
ViewCabScaleY = 0.999641
ViewCabScaleZ = 0.931460
ViewCabRotation = 180.000000
ViewCabHOfs = 12.844003
ViewCabVOfs = 0.000000
ViewCabWindowTop = 289.945862
ViewCabWindowBot = 98.423241
ToneMapper = 0

[Player]
ScreenPlayerY = 16.256607
ScreenPlayerZ = 95.316154
OverrideTableEmissionScale = 1
DynamicDayNight = 0
EmissionScale = 0.403535
ScreenWidth = 0.000000
ScreenHeight = 0.000000
ScreenInclination = 0.000000
JoyAddCredit2Key = 1
AAFactor = 0.87