[Player]
MaxFramerate = 0
SyncMode = 1
BallTrail = 0
BallTrailStrength = 0.490196

[TableOverride]
ViewCabMode = 0
ViewCabScaleX = 0.727643
ViewCabScaleY = 0.878596
ViewCabScaleZ = 0.904995
ViewCabRotation = 90.000000
ViewCabPlayerX = 24.910007
ViewCabPlayerY = -0.000000
ViewCabPlayerZ = -340.000000
ViewCabLookAt = 1.555000
ViewCabFOV = 42.999908
ViewCabLayback = 48.000000