[Player]
ScreenPlayerX = 0.041449
ScreenPlayerY = 22.759249
ScreenPlayerZ = 81.831146

[TableOverride]
ViewCabMode = 2
ViewCabScaleX = 1.283824
ViewCabScaleY = 1.060664
ViewCabScaleZ = 0.925618
ViewCabRotation = 180.000000
ViewCabHOfs = 0.023187
ViewCabVOfs = -37.045269
ViewCabWindowTop = 418.122894
ViewCabWindowBot = 145.684158

[Standalone]
WindowRenderMode = 0

