[Player]
BallTrailStrength = 0.490196
OverrideTableEmissionScale = 0

[TableOverride]
ViewCabMode = 0
ViewCabScaleX = 0.812624
ViewCabScaleY = 1.037503
ViewCabScaleZ = 0.917020
ViewCabRotation = 90.000000
ViewCabPlayerX = 46.494003
ViewCabPlayerY = -0.000000
ViewCabPlayerZ = -340.000000
ViewCabLookAt = 5.000000
ViewCabFOV = 42.999908
ViewCabLayback = 48.000000