[Player]
ScreenPlayerY = 15.000000
ScreenPlayerZ = 90.000000

[TableOverride]
ViewCabMode = 2
ViewCabScaleX = 1.260000
ViewCabScaleY = 0.980000
ViewCabScaleZ = 0.859642
ViewCabRotation = 180.000000
ViewCabHOfs = 0.000000
ViewCabVOfs = 0.000000
ViewCabWindowTop = 350.162354
ViewCabWindowBot = 101.899170