[Player]
BallTrailStrength = 0.490196
OverrideTableEmissionScale = 0

[TableOverride]
ViewCabMode = 0
ViewCabScaleX = 0.990036
ViewCabScaleY = 1.089835
ViewCabScaleZ = 0.960342
ViewCabRotation = 90.000000
ViewCabPlayerX = 65.768997
ViewCabPlayerY = -0.000000
ViewCabPlayerZ = -148.279999
ViewCabLookAt = 5.000000
ViewCabFOV = 42.999908
ViewCabLayback = 48.000000