[TableOverride]
ViewCabMode = 0
ViewCabScaleX = 0.912681
ViewCabScaleY = 1.037503
ViewCabScaleZ = 0.904995
ViewCabRotation = 90.000000
ViewCabPlayerX = 17.324999
ViewCabPlayerY = -0.000000
ViewCabPlayerZ = -340.000000
ViewCabLookAt = -2.101101
ViewCabFOV = 11.252320
ViewCabLayback = 47.918896