[Player]
BallTrailStrength = 0.490196

[TableOverride]
ViewCabMode = 0
ViewCabScaleX = 0.818596
ViewCabScaleY = 0.996061
ViewCabScaleZ = 0.904995
ViewCabRotation = 90.000000
ViewCabPlayerX = -48.500000
ViewCabPlayerY = -0.000000
ViewCabPlayerZ = -340.000000
ViewCabLookAt = -0.399993
ViewCabFOV = 42.999908
ViewCabLayback = 48.000000