[Player]
BallTrailStrength = 0.392157
OverrideTableEmissionScale = 0

[TableOverride]
ViewCabMode = 0
ViewCabScaleX = 0.864971
ViewCabScaleY = 1.024657
ViewCabScaleZ = 0.800273
ViewCabRotation = 90.000000
ViewCabPlayerX = 9.403009
ViewCabPlayerY = -0.453999
ViewCabPlayerZ = 0.730025
ViewCabLookAt = 0.977801
ViewCabFOV = 42.999908
ViewCabLayback = 48.000000