[Player]
BallTrailStrength = 0.392157
AlphaRampAccuracy = 10
OverrideTableEmissionScale = 0
FXAA = 1

[TableOverride]
ViewCabMode = 0
ViewCabScaleX = 1.011555
ViewCabScaleY = 1.314396
ViewCabScaleZ = 0.904995
ViewCabRotation = 90.000000
ViewCabPlayerX = 263.120972
ViewCabPlayerY = -2.551000
ViewCabPlayerZ = -340.000000
ViewCabLookAt = 5.000000
ViewCabFOV = 42.999908
ViewCabLayback = 48.000000