[Player]
BallTrailStrength = 0.490196
OverrideTableEmissionScale = 0

[TableOverride]
ViewCabMode = 0
ViewCabScaleX = 0.920823
ViewCabScaleY = 1.037503
ViewCabScaleZ = 0.904995
ViewCabRotation = 90.000000
ViewCabPlayerX = 40.964005
ViewCabPlayerY = -0.000000
ViewCabPlayerZ = -340.000000
ViewCabLookAt = -7.973799
ViewCabFOV = 10.530540
ViewCabLayback = 48.000000