[TableOverride]
ViewCabMode = 2
ViewCabScaleX = 1.232946
ViewCabScaleY = 1.037145
ViewCabScaleZ = 1.000000
ViewCabRotation = 180.000000
ViewCabHOfs = -0.048200
ViewCabVOfs = -6.028200
ViewCabWindowTop = 372.195953
ViewCabWindowBot = 87.141228

[Player]
ScreenPlayerY = 16.314802
ScreenPlayerZ = 98.307587
ScreenWidth = 0.000000
ScreenHeight = 0.000000
ScreenInclination = 0.000000