[Player]
BallTrailStrength = 0.490196
OverrideTableEmissionScale = 0
ScreenPlayerX = 0.000000
ScreenPlayerY = 0.000000
ScreenPlayerZ = 70.000000
BallAntiStretch = 1

[TableOverride]
ViewCabMode = 0
ViewCabScaleX = 0.882013
ViewCabScaleY = 1.003299
ViewCabScaleZ = 1.000000
ViewCabRotation = 90.000000
ViewCabPlayerX = 97.256027
ViewCabPlayerY = 0.225995
ViewCabPlayerZ = -473.950104
ViewCabLookAt = 4.500000
ViewCabFOV = 33.000000
ViewCabLayback = 65.000000