[TableOverride]
ViewCabMode = 0
ViewCabScaleX = 0.769145
ViewCabScaleY = 0.913974
ViewCabScaleZ = 0.904995
ViewCabRotation = 90.000000
ViewCabPlayerX = 19.922995
ViewCabPlayerY = -0.000000
ViewCabPlayerZ = -340.000000
ViewCabLookAt = 0.001201
ViewCabFOV = 42.999908
ViewCabLayback = 48.000000