[Player]
BallTrailStrength = 1.000000
OverrideTableEmissionScale = 0
ScreenPlayerY = 14.997301
ScreenPlayerZ = 90.048027

[TableOverride]
ViewCabMode = 2
ViewCabScaleX = 1.067235
ViewCabScaleY = 1.012871
ViewCabScaleZ = 0.874176
ViewCabRotation = 180.000000
ViewCabHOfs = 0.000000
ViewCabVOfs = 0.000000
ViewCabWindowTop = 293.046967
ViewCabWindowBot = 83.953270