[TableOverride]
ViewCabMode = 2
ViewCabScaleX = 0.900547
ViewCabScaleY = 0.845587
ViewCabScaleZ = 0.648187
ViewCabRotation = 180.000000
ViewCabHOfs = -1.985699
ViewCabVOfs = 191.472488
ViewCabWindowTop = 168.297165
ViewCabWindowBot = 98.367218

[Player]
ScreenPlayerY = 16.264351
ScreenPlayerZ = 100.312576
ScreenWidth = 0.000000
ScreenHeight = 0.000000
ScreenInclination = 0.000000