[TableOverride]
ViewCabMode = 0
ViewCabScaleX = 0.818596
ViewCabScaleY = 0.987971
ViewCabScaleZ = 0.904995
ViewCabRotation = 90.000000
ViewCabPlayerX = -3.800989
ViewCabPlayerY = -0.000000
ViewCabPlayerZ = -340.000000
ViewCabLookAt = 7.020101
ViewCabFOV = 26.391203
ViewCabLayback = 48.000000

[Player]
OverrideTableEmissionScale = 1
DynamicDayNight = 0
EmissionScale = 0.802020