[Player]
BallTrailStrength = 0.490196
OverrideTableEmissionScale = 1
ScreenPlayerZ = 84.960663
ScreenWidth = 0.000000
ScreenHeight = 0.000000
ScreenInclination = 0.000000
ScreenPlayerY = 15.083796
JoyAddCredit2Key = 1
DynamicDayNight = 0
EmissionScale = 0.199355

[TableOverride]
ViewCabMode = 2
ViewCabScaleX = 1.137156
ViewCabScaleY = 0.946064
ViewCabScaleZ = 0.959152
ViewCabRotation = 180.000000
ViewCabHOfs = 0.000000
ViewCabVOfs = 0.000000
ViewCabWindowTop = 190.955978
ViewCabWindowBot = 0.197218
ToneMapper = 0
