[Standalone]
BackBufferScale = 0.416666


[Player]
BallTrailStrength = 0.490196
OverrideTableEmissionScale = 1
ScreenPlayerZ = 95.000916
ScreenWidth = 0.000000
ScreenHeight = 0.000000
ScreenInclination = 0.000000
ScreenPlayerY = 9.384494
JoyAddCredit2Key = 1
DynamicDayNight = 0
EmissionScale = 0.199355

[TableOverride]
ViewCabMode = 2
ViewCabScaleX = 1.300103
ViewCabScaleY = 1.043963
ViewCabScaleZ = 1.000000
ViewCabRotation = 180.000000
ViewCabHOfs = 0.000000
ViewCabVOfs = -5.289932
ViewCabWindowTop = 370.541931
ViewCabWindowBot = 95.953217
ToneMapper = 0