[TableOverride]
ViewCabMode = 2
ViewCabScaleX = 1.169850
ViewCabScaleY = 1.108015
ViewCabScaleZ = 1.000000
ViewCabRotation = 180.000000
ViewCabHOfs = 0.000000
ViewCabVOfs = -90.223541
ViewCabWindowTop = 246.160873
ViewCabWindowBot = 83.953270


[Player]
AAFactor = .95
