[TableOverride]
ViewCabMode = 0
ViewCabScaleX = 0.829900
ViewCabScaleY = 1.159244
ViewCabScaleZ = 0.905161
ViewCabRotation = 90.000000
ViewCabPlayerX = 75.586006
ViewCabPlayerY = -6.083000
ViewCabPlayerZ = -351.410004
ViewCabLookAt = 5.000000
ViewCabFOV = 42.999908
ViewCabLayback = 48.000000