[TableOverride]
ViewCabMode = 2
ViewCabScaleX = 1.315351
ViewCabScaleY = 0.991116
ViewCabScaleZ = 0.962656
ViewCabRotation = 180.000000
ViewCabHOfs = 0.004802
ViewCabVOfs = 0.027503
ViewCabWindowTop = 372.914917
ViewCabWindowBot = 136.982224

[Player]
ScreenPlayerY = 20.036751
ScreenPlayerZ = 99.329689
OverrideTableEmissionScale = 1
DynamicDayNight = 0
EmissionScale = 0.172595
ScreenWidth = 0.000000
ScreenHeight = 0.000000
ScreenInclination = 0.000000