[TableOverride]
ViewCabMode = 2
ViewCabScaleX = 1.209049
ViewCabScaleY = 1.075896
ViewCabScaleZ = 1.028916
ViewCabRotation = 180.000000
ViewCabHOfs = -10.221397
ViewCabVOfs = -31.008404
ViewCabWindowTop = 372.914917
ViewCabWindowBot = 116.820229

[Player]
ScreenPlayerY = 16.271101
ScreenPlayerZ = 99.329689
OverrideTableEmissionScale = 1
DynamicDayNight = 0
EmissionScale = 0.172595
ScreenWidth = 0.000000
ScreenHeight = 0.000000
ScreenInclination = 0.000000

[Standalone]
BackBufferScale = 0.416666