[Player]
BallTrailStrength = 0.392157
AlphaRampAccuracy = 10
OverrideTableEmissionScale = 0
ScreenPlayerZ = 100.251236
ScreenWidth = 0.000000
ScreenHeight = 0.000000
ScreenInclination = 0.000000
ScreenPlayerY = 18.283405

[TableOverride]
ViewCabMode = 2
ViewCabScaleX = 1.216461
ViewCabScaleY = 0.994652
ViewCabScaleZ = 0.945624
ViewCabRotation = 180.000000
ViewCabHOfs = 0.000000
ViewCabVOfs = 0.000000
ViewCabWindowTop = 260.480865
ViewCabWindowBot = 80.496216
