[Player]
BallTrailStrength = 0.490196

[TableOverride]
ViewCabMode = 2
ViewCabScaleX = 1.169850
ViewCabScaleY = 1.050068
ViewCabScaleZ = 1.000000
ViewCabRotation = 180.000000
ViewCabHOfs = 0.000000
ViewCabVOfs = -46.723194
ViewCabWindowTop = 159.471008
ViewCabWindowBot = 85.967270