
[Standalone]
B2SPlugins = 1
PUPCapture = 1
PUPPlugin = 1

[TableOverride]
ViewCabMode = 0
ViewCabScaleX = 0.878947
ViewCabScaleY = 1.117850
ViewCabScaleZ = 1.002070
ViewCabRotation = 90.000000
ViewCabPlayerX = -78.287018
ViewCabPlayerY = -0.389000
ViewCabPlayerZ = -146.019943
ViewCabLookAt = 5.000000
ViewCabFOV = 42.999908
ViewCabLayback = 48.000000