[TableOverride]
ViewCabMode = 2
ViewCabScaleX = 0.969795
ViewCabScaleY = 1.188702
ViewCabScaleZ = 1.056194
ViewCabRotation = 180.000000
ViewCabHOfs = 0.000000
ViewCabVOfs = -10.014703
ViewCabWindowTop = 370.541931
ViewCabWindowBot = 138.953217