[TableOverride]
ViewCabMode = 0
ViewCabScaleX = 1.055771
ViewCabScaleY = 0.957818
ViewCabScaleZ = 0.845534
ViewCabRotation = 90.000000
ViewCabPlayerX = 11.860999
ViewCabPlayerY = -6.046872
ViewCabPlayerZ = 9.276424
ViewCabLookAt = 0.002502
ViewCabFOV = 44.111809
ViewCabLayback = 48.950390