[Player]
BallTrailStrength = 0.490196
OverrideTableEmissionScale = 0

[TableOverride]
ViewCabMode = 0
ViewCabScaleX = 0.969889
ViewCabScaleY = 1.025205
ViewCabScaleZ = 1.000447
ViewCabRotation = 90.000000
ViewCabPlayerX = -130.914963
ViewCabPlayerY = 3.247000
ViewCabPlayerZ = -243.330063
ViewCabLookAt = 5.000000
ViewCabFOV = 42.999908
ViewCabLayback = 48.000000