[Player]
BallTrailStrength = 0.490196
OverrideTableEmissionScale = 0

[TableOverride]
ViewCabMode = 0
ViewCabScaleX = 1.000341
ViewCabScaleY = 1.055658
ViewCabScaleZ = 1.030900
ViewCabRotation = 90.000000
ViewCabPlayerX = -108.789001
ViewCabPlayerY = 4.562000
ViewCabPlayerZ = -268.640015
ViewCabLookAt = -0.038000
ViewCabFOV = 42.999908
ViewCabLayback = 48.000000
