[Standalone]
PinMAMEWindow = 0
B2SHideB2SDMD = 1
BackBufferScale = 0.666666

[Player]
ScreenPlayerY = 9.990310
ScreenPlayerX = 0.000054
ScreenPlayerZ = 100.034180

[TableOverride]
ViewCabMode = 2
ViewCabScaleX = 1.091764
ViewCabScaleY = 0.992514
ViewCabScaleZ = 1.071259
ViewCabRotation = 180.000000
ViewCabHOfs = 0.042916
ViewCabVOfs = 0.030435
ViewCabWindowTop = 53.723099
ViewCabWindowBot = 53.338150