[Player]
BallTrailStrength = 0.117647
AlphaRampAccuracy = 10
OverrideTableEmissionScale = 1
DynamicDayNight = 0
EmissionScale = 0.100330
ScreenWidth = 0.000000
ScreenHeight = 0.000000
ScreenInclination = 0.000000
ScreenPlayerY = 16.334351
ScreenPlayerZ = 90.251465
AAFactor = 0.90

[TableOverride]
ViewCabMode = 2
ViewCabScaleX = 1.227589
ViewCabScaleY = 1.010147
ViewCabScaleZ = 0.919369
ViewCabRotation = 180.000000
ViewCabHOfs = 0.038900
ViewCabVOfs = 0.000000
ViewCabWindowTop = 274.276031
ViewCabWindowBot = 83.716217