[Standalone]
B2SPlugins = 1
PUPCapture = 1
PUPPlugin = 1

[Player]
ScreenPlayerY = 15.000000
ScreenPlayerZ = 90.000000

[TableOverride]
ViewCabMode = 2
ViewCabScaleX = 1.275000
ViewCabScaleY = 1.035000
ViewCabScaleZ = 0.859642
ViewCabRotation = 180.000000
ViewCabHOfs = 0.000000
ViewCabVOfs = 0.000000
ViewCabWindowTop = 377.952881
ViewCabWindowBot = 174.154785