[Player]
BallTrailStrength = 0.490196
OverrideTableEmissionScale = 1
DynamicDayNight = 0
EmissionScale = 0.250325
JoyAddCredit2Key = 1

[TableOverride]
ViewCabMode = 0
ViewCabScaleX = 0.999503
ViewCabScaleY = 1.290092
ViewCabScaleZ = 0.895068
ViewCabRotation = 90.000000
ViewCabPlayerX = 98.011002
ViewCabPlayerY = 0.829999
ViewCabPlayerZ = -221.439987
ViewCabLookAt = 5.000000
ViewCabFOV = 42.999908
ViewCabLayback = 48.000000