[TableOverride]
ViewCabMode = 2
ViewCabScaleX = 1.256031
ViewCabScaleY = 0.991574
ViewCabScaleZ = 0.901707
ViewCabRotation = 180.000000
ViewCabHOfs = 0.000000
ViewCabVOfs = 0.000000
ViewCabWindowTop = 276.345947
ViewCabWindowBot = 93.466171
ToneMapper = 0

[Player]
BallTrailStrength = 0.490196
ScreenPlayerY = 9.993891
ScreenPlayerZ = 99.340073
ScreenWidth = 0.000000
ScreenHeight = 0.000000
ScreenInclination = 0.000000
OverrideTableEmissionScale = 1
DynamicDayNight = 0
EmissionScale = 0.304205
ScreenPlayerX = 0.023450