[Player]
BallTrailStrength = 0.490196
OverrideTableEmissionScale = 0

[TableOverride]
ViewCabMode = 0
ViewCabScaleX = 0.999503
ViewCabScaleY = 1.200182
ViewCabScaleZ = 0.904995
ViewCabRotation = 90.000000
ViewCabPlayerX = 11.520999
ViewCabPlayerY = 1.478999
ViewCabPlayerZ = -340.000000
ViewCabLookAt = 5.000000
ViewCabFOV = 42.999908
ViewCabLayback = 48.000000