[TableOverride]
ViewCabMode = 2
ViewCabScaleX = 1.346878
ViewCabScaleY = 1.096984
ViewCabScaleZ = 1.007117
ViewCabRotation = 180.000000
ViewCabHOfs = 0.000000
ViewCabVOfs = -47.749802
ViewCabWindowTop = 343.056946
ViewCabWindowBot = 93.466171
ToneMapper = 0

[Player]
BallTrailStrength = 0.490196
ScreenPlayerY = 3.030892
ScreenPlayerZ = 99.340073
ScreenWidth = 0.000000
ScreenHeight = 0.000000
ScreenInclination = 0.000000
OverrideTableEmissionScale = 1
DynamicDayNight = 0
EmissionScale = 0.304205
ScreenPlayerX = 0.023450