[TableOverride]
ViewCabMode = 2
ViewCabScaleX = 1.226016
ViewCabScaleY = 0.998427
ViewCabScaleZ = 0.859642
ViewCabRotation = 180.000000
ViewCabHOfs = 0.000000
ViewCabVOfs = 0.041922
ViewCabWindowTop = 296.597931
ViewCabWindowBot = 0.324268

[Player]
ScreenPlayerY = 15.010940
ScreenPlayerZ = 89.989098