[Standalone]
B2SPlugins = 1

[TableOverride]
ViewCabMode = 1
ViewCabScaleX = 1.119370
ViewCabScaleY = 0.933846
ViewCabScaleZ = 1.105699
ViewCabRotation = 90.000000
ViewCabPlayerX = 0.000000
ViewCabPlayerY = -151.114868
ViewCabPlayerZ = 1404.774048
ViewCabLookAt = 5.000000
ViewCabFOV = 44.111809
ViewCabHOfs = 0.301300
ViewCabVOfs = 65.868362