[TableOverride]
ViewDTLookAt = 46.000000
ViewDTFOV = 40.000000
ViewDTLayback = 6.000000
ViewDTRotation = 0.000000
ViewDTScaleX = 1.200000
ViewDTScaleY = 1.100000
ViewDTScaleZ = 1.000000
ViewDTPlayerX = 0.000000
ViewDTPlayerY = 5.000000
ViewDTPlayerZ = -10.000000
ViewCabLookAt = 16.199995
ViewCabFOV = 15.000000
ViewCabLayback = 35.000000
ViewCabRotation = 90.000000
ViewCabScaleX = 1.000000
ViewCabScaleY = 1.100000
ViewCabScaleZ = 1.000000
ViewCabPlayerX = 0.000000
ViewCabPlayerY = 0.000000
ViewCabPlayerZ = -300.000000
ViewFSSLookAt = 52.000000
ViewFSSFOV = 45.000000
ViewFSSLayback = 0.000000
ViewFSSRotation = 0.000000
ViewFSSScaleX = 1.200000
ViewFSSScaleY = 1.100000
ViewFSSScaleZ = 1.000000
ViewFSSPlayerX = 0.000000
ViewFSSPlayerY = 30.000000
ViewFSSPlayerZ = -50.000000
ViewCabMode = 0

[Standalone]
PinMAMEWindow = 0

[Player]
FXAA = 1