[Standalone]
PinMAMEWindow = 0

[TableOption]
Select LUT = 0.000000
Cabinet Rails = 0.000000

[TableOverride]
ViewCabMode = 2
ViewCabScaleX = 1.135184
ViewCabScaleY = 0.989428
ViewCabScaleZ = 0.851039
ViewCabRotation = 180.000000
ViewCabHOfs = 0.000000
ViewCabVOfs = 0.041922
ViewCabWindowTop = 51.978973
ViewCabWindowBot = 51.352272