[TableOverride]
ViewCabMode = 0
ViewCabScaleX = 0.763780
ViewCabScaleY = 0.876949
ViewCabScaleZ = 0.904995
ViewCabRotation = 90.000000
ViewCabPlayerX = 1.648000
ViewCabPlayerY = -0.000000
ViewCabPlayerZ = -340.000000
ViewCabLookAt = 0.012300
ViewCabFOV = 42.999908
ViewCabLayback = 48.000000