[Player]
BallTrailStrength = 0.490196
OverrideTableEmissionScale = 1
DynamicDayNight = 0
EmissionScale = 0.430130

[TableOverride]
ViewCabMode = 0
ViewCabScaleX = 0.822730
ViewCabScaleY = 0.959929
ViewCabScaleZ = 0.904995
ViewCabRotation = 90.000000
ViewCabPlayerX = 5.305003
ViewCabPlayerY = 1.505002
ViewCabPlayerZ = -340.000000
ViewCabLookAt = 5.000000
ViewCabFOV = 42.999908
ViewCabLayback = 48.000000