[TableOverride]
ViewCabMode = 0
ViewCabScaleX = 0.801891
ViewCabScaleY = 0.953146
ViewCabScaleZ = 0.904995
ViewCabRotation = 90.000000
ViewCabPlayerX = 35.746006
ViewCabPlayerY = -0.000000
ViewCabPlayerZ = -340.000000
ViewCabLookAt = 5.000000
ViewCabFOV = 32.958027
ViewCabLayback = 48.000000