[TableOverride]
ViewCabMode = 0
ViewCabScaleX = 0.834418
ViewCabScaleY = 1.072975
ViewCabScaleZ = 0.904995
ViewCabRotation = 90.000000
ViewCabPlayerX = 52.753998
ViewCabPlayerY = -0.000000
ViewCabPlayerZ = -340.000000
ViewCabLookAt = 5.000000
ViewCabFOV = 42.999908
ViewCabLayback = 48.000000