[Player]
BallTrailStrength = 0.490196
OverrideTableEmissionScale = 0

[TableOverride]
ViewCabMode = 0
ViewCabScaleX = 0.840554
ViewCabScaleY = 1.108031
ViewCabScaleZ = 0.904995
ViewCabRotation = 90.000000
ViewCabPlayerX = -31.174000
ViewCabPlayerY = -2.568000
ViewCabPlayerZ = -340.000000
ViewCabLookAt = 3.559701
ViewCabFOV = 42.999908
ViewCabLayback = 48.000000