[Player]
BallTrailStrength = 0.388235
AlphaRampAccuracy = 10
OverrideTableEmissionScale = 0

[TableOverride]
ViewCabMode = 0
ViewCabScaleX = 1.054110
ViewCabScaleY = 1.287463
ViewCabScaleZ = 0.904995
ViewCabRotation = 90.000000
ViewCabPlayerX = 245.836990
ViewCabPlayerY = -0.000000
ViewCabPlayerZ = -340.000000
ViewCabLookAt = -0.195998
ViewCabFOV = 32.760918
ViewCabLayback = 55.769817