[Player]
BallTrailStrength = 0.501961
OverrideTableEmissionScale = 0

[TableOverride]
ViewCabMode = 0
ViewCabScaleX = 0.851763
ViewCabScaleY = 1.060087
ViewCabScaleZ = 0.892492
ViewCabRotation = 90.000000
ViewCabPlayerX = 49.178997
ViewCabPlayerY = -0.000000
ViewCabPlayerZ = -340.000000
ViewCabLookAt = 15.001800
ViewCabFOV = 31.935757
ViewCabLayback = 50.020027