[Player]
BallTrailStrength = 0.392157
OverrideTableEmissionScale = 0
ScreenPlayerX = 0.000000
ScreenPlayerY = 0.000000
ScreenPlayerZ = 70.000000

[TableOverride]
ViewCabMode = 0
ViewCabScaleX = 0.990784
ViewCabScaleY = 1.348020
ViewCabScaleZ = 0.884611
ViewCabRotation = 90.000000
ViewCabPlayerX = 49.125969
ViewCabPlayerY = 7.199002
ViewCabPlayerZ = 54.779911
ViewCabLookAt = 6.000000
ViewCabFOV = 27.000000
ViewCabLayback = 76.000000