[Player]
BallTrailStrength = 0.490196
ScreenPlayerZ = 90.029335
JoyAddCredit2Key = 1
AAFactor = 0.85
OverrideTableEmissionScale = 1
DynamicDayNight = 0
EmissionScale = 0.204470
ScreenPlayerY = 14.989547

[TableOverride]
ViewCabMode = 2
ViewCabScaleX = 1.181923
ViewCabScaleY = 0.994395
ViewCabScaleZ = 0.931185
ViewCabRotation = 180.000000
ViewCabHOfs = 0.000000
ViewCabVOfs = 0.016788
ViewCabWindowTop = 279.886963
ViewCabWindowBot = 0.423209