[Player]
BallTrail = 0
BallTrailStrength = 0.000000

[TableOverride]
ViewCabMode = 0
ViewCabScaleX = 0.879872
ViewCabScaleY = 1.037503
ViewCabScaleZ = 0.904995
ViewCabRotation = 90.000000
ViewCabPlayerX = 34.860031
ViewCabPlayerY = -0.000000
ViewCabPlayerZ = -340.000000
ViewCabLookAt = 5.000000
ViewCabFOV = 42.999908
ViewCabLayback = 48.000000