[Player]
BallTrailStrength = 0.490196
OverrideTableEmissionScale = 1
ScreenPlayerZ = 100.151230
DynamicDayNight = 0
EmissionScale = 0.200000
ScreenPlayerY = 15.000641

[TableOverride]
ViewCabMode = 2
ViewCabScaleX = 1.140501
ViewCabScaleY = 0.999685
ViewCabScaleZ = 0.877194
ViewCabRotation = 180.000000
ViewCabHOfs = 0.000000
ViewCabVOfs = 0.000000
ViewCabWindowTop = 139.434845
ViewCabWindowBot = 85.953217

[Standalone]
PinMAMEWindow = 0
BackBufferScale = 0.416666