
[Player]
MaxTexDimension = 3072
FXAA = 1

[Standalone]
WindowRenderMode = 0
BackBufferScale = 0.355729

[TableOverride]
ViewCabMode = 0
ViewCabScaleX = 0.818596
ViewCabScaleY = 1.037503
ViewCabScaleZ = 0.904995
ViewCabRotation = 90.000000
ViewCabPlayerX = -36.952995
ViewCabPlayerY = 0.052000
ViewCabPlayerZ = -350.130066
ViewCabLookAt = 5.022495
ViewCabFOV = 51.438286
ViewCabLayback = 48.000000