[TableOverride]
ViewCabMode = 0
ViewCabScaleX = 1.000000
ViewCabScaleY = 1.330000
ViewCabScaleZ = 1.000000
ViewCabRotation = 90.000000
ViewCabPlayerX = -37.018013
ViewCabPlayerY = 0.000000
ViewCabPlayerZ = -480.760010
ViewCabLookAt = 6.000000
ViewCabFOV = 25.000000
ViewCabLayback = 60.000000

[Player]
ScreenPlayerX = 0.000000
ScreenPlayerY = 0.000000
ScreenPlayerZ = 70.000000