[Player]
ScreenPlayerY = 17.330893
ScreenPlayerZ = 96.346596
OverrideTableEmissionScale = 1
DynamicDayNight = 0
EmissionScale = 0.250130
ScreenWidth = 0.000000
ScreenHeight = 0.000000
ScreenInclination = 0.000000

[TableOverride]
ViewCabMode = 2
ViewCabScaleX = 1.201062
ViewCabScaleY = 0.988155
ViewCabScaleZ = 0.960312
ViewCabRotation = 180.000000
ViewCabHOfs = 0.015700
ViewCabVOfs = 0.000000
ViewCabWindowTop = 325.570892
ViewCabWindowBot = 116.865250
ToneMapper = 0

[TableOption]
Select LUT = 0.000000
Desktop DMD = 0.000000
Cabinet Rails = 0.000000
Side Blades = 1.000000