[Player]
ScreenPlayerY = 17.330893
ScreenPlayerZ = 96.346596
OverrideTableEmissionScale = 1
DynamicDayNight = 0
EmissionScale = 0.250130
ScreenWidth = 0.000000
ScreenHeight = 0.000000
ScreenInclination = 0.000000

[TableOverride]
ViewCabMode = 2
ViewCabScaleX = 1.200516
ViewCabScaleY = 1.027843
ViewCabScaleZ = 1.000000
ViewCabRotation = 180.000000
ViewCabHOfs = -0.328200
ViewCabVOfs = 0.000000
ViewCabWindowTop = 372.965942
ViewCabWindowBot = 116.865250
ToneMapper = 0

[Standalone]
BackBufferScale = 0.416666
WindowRenderMode = 0