[Player]
BallTrailStrength = 0.490196
AlphaRampAccuracy = 5
OverrideTableEmissionScale = 0
ScreenWidth = 0.000000
ScreenHeight = 0.000000
ScreenInclination = 0.000000
ScreenPlayerX = 0.013100
ScreenPlayerY = 0.000000
ScreenPlayerZ = 70.023087

[TableOverride]
ViewCabMode = 2
ViewCabScaleX = 1.292361
ViewCabScaleY = 1.119871
ViewCabScaleZ = 1.000000
ViewCabRotation = 180.000000
ViewCabHOfs = 0.000000
ViewCabVOfs = -31.815012
ViewCabWindowTop = 370.541931
ViewCabWindowBot = 138.953217