[Player]
ScreenPlayerY = 0.045756
ScreenPlayerX = 0.000054
ScreenPlayerZ = 100.034180

[TableOverride]
ViewCabMode = 2
ViewCabScaleX = 1.076627
ViewCabScaleY = 0.996737
ViewCabScaleZ = 1.087397
ViewCabRotation = 180.000000
ViewCabHOfs = 0.000000
ViewCabVOfs = 3.455192
ViewCabWindowTop = 37.273087
ViewCabWindowBot = 0.318153