[Standalone]
PinMAMEWindow = 0
B2SHideB2SDMD = 1

[Player]
ScreenPlayerY = 10.049911
ScreenPlayerX = 0.000054
ScreenPlayerZ = 99.981506

[TableOverride]
ViewCabMode = 2
ViewCabScaleX = 1.162658
ViewCabScaleY = 0.996791
ViewCabScaleZ = 1.079559
ViewCabRotation = 180.000000
ViewCabHOfs = 0.000000
ViewCabVOfs = 0.000000
ViewCabWindowTop = 53.624088
ViewCabWindowBot = 53.777138

[TableOption]
Select LUT = 0.000000
Cabinet Rails = 0.000000
English Apron = 1.000000