[Player]
BallTrailStrength = 0.490196
OverrideTableEmissionScale = 0
ScreenPlayerZ = 90.004417
ScreenPlayerY = 14.994200

[TableOverride]
ViewCabMode = 2
ViewCabScaleX = 1.220802
ViewCabScaleY = 0.999691
ViewCabScaleZ = 1.000000
ViewCabRotation = 180.000000
ViewCabHOfs = 0.000000
ViewCabVOfs = 0.000000
ViewCabWindowTop = 305.544037
ViewCabWindowBot = 0.463226