[TableOverride]
ViewCabMode = 1
ViewCabScaleX = 1.069988
ViewCabScaleY = 0.871594
ViewCabScaleZ = 1.056317
ViewCabRotation = 90.000000
ViewCabPlayerX = 0.000000
ViewCabPlayerY = 111.302078
ViewCabPlayerZ = 1404.774048
ViewCabLookAt = 5.000000
ViewCabFOV = 44.111809
ViewCabHOfs = 0.221300
ViewCabVOfs = 75.973801