[Player]
BallTrailStrength = 0.000000
AlphaRampAccuracy = 5
OverrideTableEmissionScale = 0

[TableOverride]
ViewCabMode = 0
ViewCabScaleX = 0.685987
ViewCabScaleY = 0.868186
ViewCabScaleZ = 0.732393
ViewCabRotation = 90.000000
ViewCabPlayerX = -48.500000
ViewCabPlayerY = 5.095000
ViewCabPlayerZ = -340.000000
ViewCabLookAt = 5.000000
ViewCabFOV = 42.999908
ViewCabLayback = 48.000000