[Player]
BallTrailStrength = 0.000000
AlphaRampAccuracy = 5
OverrideTableEmissionScale = 1
ScreenPlayerY = 16.305004
ScreenPlayerZ = 92.316513
DynamicDayNight = 0
EmissionScale = 0.301825
ScreenWidth = 0.000000
ScreenHeight = 0.000000
ScreenInclination = 0.000000

[TableOverride]
ViewCabMode = 2
ViewCabScaleX = 1.210947
ViewCabScaleY = 0.989441
ViewCabScaleZ = 0.909273
ViewCabRotation = 180.000000
ViewCabHOfs = 0.020403
ViewCabVOfs = 0.000000
ViewCabWindowTop = 299.683868
ViewCabWindowBot = 61.181225
ToneMapper = 0

[TableOption]
Select LUT = 0.000000
Desktop DMD = 0.000000
Cabinet Rails = 0.000000
Side Blades = 1.000000