[Standalone]
WindowRenderMode = 0
BackBufferScale = 0.416666


[TableOverride]
ViewCabMode = 2
ViewCabScaleX = 1.216129
ViewCabScaleY = 0.970000
ViewCabScaleZ = 1.000000
ViewCabRotation = 180.000000
ViewCabHOfs = 0.000000
ViewCabVOfs = 38.230415
ViewCabWindowTop = 306.306915
ViewCabWindowBot = 30.359272