[Standalone]
WindowRenderMode = 0
BackBufferScale = 0.416666

[TableOverride]
ViewCabMode = 0
ViewCabScaleX = 0.818596
ViewCabScaleY = 1.037503
ViewCabScaleZ = 0.904995
ViewCabRotation = 90.000000
ViewCabPlayerX = -117.957939
ViewCabPlayerY = 0.900000
ViewCabPlayerZ = -417.749939
ViewCabLookAt = 5.000000
ViewCabFOV = 42.999908
ViewCabLayback = 48.000000