[TableOverride]
ViewCabMode = 2
ViewCabScaleX = 1.178137
ViewCabScaleY = 0.929846
ViewCabScaleZ = 0.962009
ViewCabRotation = 180.000000
ViewCabHOfs = 0.000000
ViewCabVOfs = 70.907303
ViewCabWindowTop = 231.661835
ViewCabWindowBot = 30.359272