[Player]
BallTrailStrength = 0.200000
OverrideTableEmissionScale = 0

[TableOverride]
ViewCabMode = 0
ViewCabScaleX = 0.799132
ViewCabScaleY = 1.012914
ViewCabScaleZ = 0.890836
ViewCabRotation = 90.000000
ViewCabPlayerX = 42.888008
ViewCabPlayerY = -0.000000
ViewCabPlayerZ = -340.000000
ViewCabLookAt = 10.847900
ViewCabFOV = 32.038902
ViewCabLayback = 50.000000