[Player]
BallTrailStrength = 0.200000
OverrideTableEmissionScale = 1
ScreenPlayerZ = 90.007790
ScreenWidth = 0.000000
ScreenHeight = 0.000000
ScreenInclination = 0.000000
ScreenPlayerX = 0.020047
ScreenPlayerY = 15.016253
DynamicDayNight = 0
EmissionScale = 0.400315

[TableOverride]
ViewCabMode = 2
ViewCabScaleX = 1.220059
ViewCabScaleY = 0.999816
ViewCabScaleZ = 0.947989
ViewCabRotation = 180.000000
ViewCabHOfs = 0.011911
ViewCabVOfs = 0.000000
ViewCabWindowTop = 312.166016
ViewCabWindowBot = 0.565247

[Standalone]
B2SPlugins = 1
PUPCapture = 1
PUPPlugin = 1