[Standalone]
PinMAMEWindow = 0

[TableOverride]
ViewCabMode = 2
ViewCabScaleX = 1.101621
ViewCabScaleY = 0.994574
ViewCabScaleZ = 0.897219
ViewCabRotation = 180.000000
ViewCabHOfs = 0.000000
ViewCabWindowTop = 86.550819
ViewCabWindowBot = 0.614279
ViewCabVOfs = 0.008214

[TableOption]
Select LUT = 0.000000
Cabinet Rails = 0.000000

[Player]
ScreenPlayerY = 15.343555