[TableOverride]
ViewCabMode = 2
ViewCabScaleX = 1.183776
ViewCabScaleY = 1.035883
ViewCabScaleZ = 1.000000
ViewCabRotation = 180.000000
ViewCabHOfs = 0.000000
ViewCabVOfs = -30.318106
ViewCabWindowTop = 147.970810
ViewCabWindowBot = 83.953270