[Player]
BallTrailStrength = 0.392157
OverrideTableEmissionScale = 0

[TableOverride]
ViewCabMode = 0
ViewCabScaleX = 0.999812
ViewCabScaleY = 1.024729
ViewCabScaleZ = 0.879417
ViewCabRotation = 90.000000
ViewCabPlayerX = 186.379883
ViewCabPlayerY = 2.732000
ViewCabPlayerZ = 0.229995
ViewCabLookAt = 5.000000
ViewCabFOV = 42.999908
ViewCabLayback = 48.000000