[Player]
BallTrailStrength = 0.392157
OverrideTableEmissionScale = 0

[TableOverride]
ViewCabMode = 0
ViewCabScaleX = 1.244707
ViewCabScaleY = 1.317692
ViewCabScaleZ = 0.904152
ViewCabRotation = 90.000000
ViewCabPlayerX = 450.207001
ViewCabPlayerY = -0.000000
ViewCabPlayerZ = -341.889954
ViewCabLookAt = 5.000000
ViewCabFOV = 42.999908
ViewCabLayback = 48.000000