[Player]
BallTrailStrength = 0.490196
OverrideTableEmissionScale = 0

[TableOverride]
ToneMapper = 2
ViewCabMode = 0
ViewCabScaleX = 0.869413
ViewCabScaleY = 1.015466
ViewCabScaleZ = 1.035208
ViewCabRotation = 90.000000
ViewCabPlayerX = 43.368019
ViewCabPlayerY = 14.106006
ViewCabPlayerZ = -302.140015
ViewCabLookAt = -0.131600
ViewCabFOV = 42.999908
ViewCabLayback = 48.000000