[TableOverride]
ViewCabMode = 2
ViewCabScaleX = 1.217098
ViewCabScaleY = 1.032671
ViewCabScaleZ = 1.000000
ViewCabRotation = 180.000000
ViewCabHOfs = 0.000000
ViewCabVOfs = 0
ViewCabWindowTop = 250.541931
ViewCabWindowBot = 92.255219

[Player]
ScreenPlayerY = 25.254795
ScreenPlayerZ = 99.300415
ScreenWidth = 0.000000
ScreenHeight = 0.000000
ScreenInclination = 0.000000
AAFactor = 0.90

[TableOption]
Mech Volume = 0.800000
Ball Roll Volume = 0.600000
Ramp Roll Volume = 0.900000
Rails Visible = 0.000000
VR Room = 3.000000

[Standalone]
BackBufferScale = 0.416666
