[TableOverride]
ViewCabMode = 0
ViewCabScaleX = 0.815030
ViewCabScaleY = 0.833590
ViewCabScaleZ = 0.904995
ViewCabRotation = 90.000000
ViewCabPlayerX = -48.500000
ViewCabPlayerY = -0.000000
ViewCabPlayerZ = -340.000000
ViewCabLookAt = 0.344900
ViewCabFOV = 42.999916
ViewCabLayback = 48.000000