[jpsfriday13th]
HighScore1=100000
HighScore1Name=JSM
HighScore2=100000
HighScore2Name=CTH
HighScore3=100000
HighScore3Name=NIX
HighScore4=100000
HighScore4Name=VPX

[TableOverride]
ViewCabMode = 0
ViewCabScaleX = 0.818596
ViewCabScaleY = 1.037503
ViewCabScaleZ = 0.904995
ViewCabRotation = 90.000000
ViewCabPlayerX = 10.145008
ViewCabPlayerY = -0.000000
ViewCabPlayerZ = -380.590027
ViewCabLookAt = 5.000000
ViewCabFOV = 42.999908
ViewCabLayback = 48.000000