[TableOverride]
ViewCabMode = 0
ViewCabScaleX = 0.831723
ViewCabScaleY = 0.933994
ViewCabScaleZ = 0.904995
ViewCabRotation = 90.000000
ViewCabPlayerX = -10.999001
ViewCabPlayerY = -1.875000
ViewCabPlayerZ = -340.000000
ViewCabLookAt = 0.725007
ViewCabFOV = 42.999908
ViewCabLayback = 48.000000