[Player]
BallTrailStrength = 0.200000
OverrideTableEmissionScale = 1
ScreenPlayerY = 13.008542
ScreenPlayerZ = 92.999130
DynamicDayNight = 0
EmissionScale = 0.370880

[TableOverride]
ViewCabMode = 2
ViewCabScaleX = 1.012707
ViewCabScaleY = 0.929546
ViewCabScaleZ = 0.915531
ViewCabRotation = 180.000000
ViewCabHOfs = 0.000000
ViewCabVOfs = 58.560829
ViewCabWindowTop = 232.497879
ViewCabWindowBot = -61.741791
ToneMapper = 0