[Player]
BallTrailStrength = 0.392157
OverrideTableEmissionScale = 1
EmissionScale = 0.50136
ScreenPlayerY = 8.011000
ScreenPlayerZ = 99.963638

[TableOverride]
ViewCabMode = 2
ViewCabScaleX = 1.178649
ViewCabScaleY = 1.019790
ViewCabScaleZ = 0.889049
ViewCabRotation = 180.000000
ViewCabHOfs = 0.000000
ViewCabVOfs = 0.026498
ViewCabWindowTop = 87.001030
ViewCabWindowBot = 86.645264