[Player]
BallTrail = 0
BallTrailStrength = 0.019608
OverrideTableEmissionScale = 0
ScreenPlayerY = 14.988502

[TableOverride]
ViewCabMode = 2
ViewCabScaleX = 1.037599
ViewCabScaleY = 0.993732
ViewCabScaleZ = 0.830273
ViewCabRotation = 180.000000
ViewCabHOfs = 0.000000
ViewCabVOfs = 0.000000
ViewCabWindowTop = 26.879940
ViewCabWindowBot = 26.986263