[TableOverride]
ViewCabMode = 0
ViewCabScaleX = 0.815269
ViewCabScaleY = 0.938675
ViewCabScaleZ = 0.904995
ViewCabRotation = 90.000000
ViewCabPlayerX = -23.334003
ViewCabPlayerY = -0.000000
ViewCabPlayerZ = -340.000000
ViewCabLookAt = 0.936700
ViewCabFOV = 42.999908
ViewCabLayback = 48.000000