[Player]
BallTrailStrength = 0.490196
OverrideTableEmissionScale = 0
BallAntiStretch = 1

[TableOverride]
ViewCabMode = 0
ViewCabScaleX = 0.789833
ViewCabScaleY = 1.029909
ViewCabScaleZ = 0.925865
ViewCabRotation = 90.000000
ViewCabPlayerX = 7.179005
ViewCabPlayerY = 0.919000
ViewCabPlayerZ = -364.929962
ViewCabLookAt = 5.000000
ViewCabFOV = 42.999908
ViewCabLayback = 48.000000