[Player]
BallTrailStrength = 0.490196

[TableOverride]
ViewCabMode = 0
ViewCabScaleX = 0.917668
ViewCabScaleY = 1.041670
ViewCabScaleZ = 0.902723
ViewCabRotation = 90.000000
ViewCabPlayerX = 56.580990
ViewCabPlayerY = -0.000000
ViewCabPlayerZ = -340.000000
ViewCabLookAt = -0.429704
ViewCabFOV = 13.313315
ViewCabLayback = 48.000000