[TableOverride]
ViewCabMode = 2
ViewCabHOfs = 0.000000
ViewCabVOfs = 0.000000
ViewCabWindowTop = 346.596893
ViewCabWindowBot = 164.724136
ViewCabScaleX = 1.227325
ViewCabScaleY = 1.000314
ViewCabScaleZ = 1.000000
ViewCabRotation = 180.000000

[Player]
SoundVolume = 75
BallTrailStrength = 0.490196
AlphaRampAccuracy = 10
EmissionScale = 0.178670
ScreenWidth = 0.000000
ScreenHeight = 0.000000
ScreenInclination = 0.000000
OverrideTableEmissionScale = 1
ScreenPlayerY = 15.037844
DynamicDayNight = 0
ScreenPlayerZ = 89.984802
