[Player]
BallTrailStrength = 0.490196
OverrideTableEmissionScale = 0
JoyAddCredit2Key = 1
ScreenPlayerY = 14.985500
ScreenPlayerZ = 90.026588

[TableOverride]
ViewCabMode = 2
ViewCabScaleX = 1.240196
ViewCabScaleY = 0.993354
ViewCabScaleZ = 0.863183
ViewCabRotation = 180.000000
ViewCabHOfs = 0.000000
ViewCabVOfs = 0.000000
ViewCabWindowTop = 301.259857
ViewCabWindowBot = 83.953270