[Player]
BallTrailStrength = 0.490196
OverrideTableEmissionScale = 0
JoyAddCredit2Key = 1

[TableOverride]
ViewCabMode = 0
ViewCabScaleX = 0.749701
ViewCabScaleY = 0.999772
ViewCabScaleZ = 1.000381
ViewCabRotation = 90.000000
ViewCabPlayerX = 24.459017
ViewCabPlayerY = -0.000000
ViewCabPlayerZ = -495.489868
ViewCabLookAt = 5.034001
ViewCabFOV = 39.981205
ViewCabLayback = 59.983303