[TableOverride]
ViewCabMode = 0
ViewCabScaleX = 0.765124
ViewCabScaleY = 0.841567
ViewCabScaleZ = 0.904995
ViewCabRotation = 90.000000
ViewCabPlayerX = -3.721004
ViewCabPlayerY = 0.302989
ViewCabPlayerZ = -492.410004
ViewCabLookAt = 5.000000
ViewCabFOV = 42.999908
ViewCabLayback = 48.000000