[Player]
BallTrailStrength = 0.490196
OverrideTableEmissionScale = 0
ScreenPlayerZ = 69.999001
ScreenPlayerY = -0.008904

[TableOverride]
ViewCabMode = 2
ViewCabScaleX = 1.056407
ViewCabScaleY = 0.987484
ViewCabScaleZ = 0.850747
ViewCabRotation = 180.000000
ViewCabHOfs = 2.270000
ViewCabVOfs = -0.153613
ViewCabWindowTop = 175.871033
ViewCabWindowBot = 17.305265

[Standalone]
BackBufferScale = 0.416666