[Player]
BallTrailStrength = 0.490196
OverrideTableEmissionScale = 1
DynamicDayNight = 0
EmissionScale = 0.600205

[TableOverride]
ViewCabMode = 0
ViewCabScaleX = 0.799916
ViewCabScaleY = 0.974780
ViewCabScaleZ = 0.849630
ViewCabRotation = 90.000000
ViewCabPlayerX = 15.137001
ViewCabPlayerY = -0.000000
ViewCabPlayerZ = -224.969986
ViewCabLookAt = 10.032397
ViewCabFOV = 32.045818
ViewCabLayback = 59.982594