[Standalone]
B2SHideB2SDMD = 1

[TableOverride]
ViewCabMode = 2
ViewCabScaleX = 1.182042
ViewCabScaleY = 1.028875
ViewCabScaleZ = 0.901434
ViewCabRotation = 180.000000
ViewCabHOfs = 0.000000
ViewCabVOfs = 0.027401
ViewCabWindowTop = 0.863840
ViewCabWindowBot = 0.354273

[TableOption]
Select LUT = 0.000000
Cabinet Rails = 1.000000