[Standalone]
PinMAMEWindow = 0
B2SHideB2SDMD = 1

[TableOverride]
ViewCabMode = 2
ViewCabScaleX = 1.147486
ViewCabScaleY = 0.999521
ViewCabScaleZ = 0.891506
ViewCabRotation = 180.000000
ViewCabHOfs = 0.000000
ViewCabVOfs = 0.000000
ViewCabWindowTop = 55.757862
ViewCabWindowBot = 56.425274