[TableOverride]
ViewCabMode = 2
ViewCabScaleX = 1.221305
ViewCabScaleY = 1.155063
ViewCabScaleZ = 1.000000
ViewCabRotation = 180.000000
ViewCabHOfs = 0.000000
ViewCabVOfs = -125.000000
ViewCabWindowTop = 405.164001
ViewCabWindowBot = 115.740196

[Player]
ScreenPlayerY = 17.282202
ScreenPlayerZ = 93.068047
OverrideTableEmissionScale = 1
DynamicDayNight = 0
EmissionScale = 0.201430
ScreenWidth = 0.000000
ScreenHeight = 0.000000
ScreenInclination = 0.000000
MaxTexDimension = 2048
FXAA = 4
AAFactor = 0.90

[Standalone]
BackBufferScale = 0.416666
