[TableOverride]
ViewCabMode = 2
ViewCabScaleX = 1.217376
ViewCabScaleY = 0.988600
ViewCabScaleZ = 0.857935
ViewCabRotation = 180.000000
ViewCabHOfs = 0.039700
ViewCabVOfs = 0.000000
ViewCabWindowTop = 335.915924
ViewCabWindowBot = 56.377213
ToneMapper = 0

[Player]
ScreenPlayerZ = 91.825783
ScreenWidth = 0.000000
ScreenHeight = 0.000000
ScreenInclination = 0.000000
ScreenPlayerY = 18.294546
OverrideTableEmissionScale = 1
DynamicDayNight = 0
EmissionScale = 0.199670
AAFactor = 0.80

[TableOption]
Color LUT = 1.000000
Mech Volume = 0.800000
Ball Roll Volume = 0.500000
Ramp Roll Volume = 0.500000
Fantasy Magnet = 1.000000
VR Room = 1.000000
