[TableOverride]
ViewCabMode = 2
ViewCabScaleX = 1.333088
ViewCabScaleY = 1.100415
ViewCabScaleZ = 1.000000
ViewCabRotation = 180.000000
ViewCabHOfs = 0.000000
ViewCabVOfs = -109.450287
ViewCabWindowTop = 370.574066
ViewCabWindowBot = 218.957306

[Player]
ScreenPlayerY = 17.296146
ScreenPlayerZ = 91.277702
ScreenWidth = 0.000000
ScreenHeight = 0.000000
ScreenInclination = 0.000000
OverrideTableEmissionScale = 1
DynamicDayNight = 0
EmissionScale = 0.300195

[Standalone]
BackBufferScale = 0.416666