[TableOption]
Color Saturation = 1.000000
VR Room = 2.000000
Skulls = 1.000000
Scythes = 1.000000
Glass = 1.000000
Diablo Statue = 1.000000
Ramp Swords = 1.000000
Headstones = 1.000000
Backglass Art = 1.000000
Mech Volume = 0.800000
Ball Roll Volume = 0.500000
Ramp Roll Volume = 0.500000
Loot Glow = 10.000000

[Player]
OverrideTableEmissionScale = 1
DynamicDayNight = 0
EmissionScale = 0.200000
MusicVolume = 100
SoundVolume = 100
ScreenPlayerY = 15.000000
ScreenPlayerZ = 90.000000

[TableOverride]
ViewCabMode = 2
ViewCabScaleX = 1.220000
ViewCabScaleY = 1.010000
ViewCabScaleZ = 0.859642
ViewCabRotation = 180.000000
ViewCabHOfs = 0.000000
ViewCabVOfs = 0.000000
ViewCabWindowTop = 227.883301
ViewCabWindowBot = 55.581299