[TableOverride]
ViewCabMode = 2
ViewCabScaleX = 1.217893
ViewCabScaleY = 0.984976
ViewCabScaleZ = 0.974841
ViewCabRotation = 180.000000
ViewCabHOfs = 0.039600
ViewCabVOfs = 0.000000
ViewCabWindowTop = 369.813019
ViewCabWindowBot = 92.594238
ToneMapper = 0

[Player]
ScreenPlayerZ = 95.337433
OverrideTableEmissionScale = 1
DynamicDayNight = 0
EmissionScale = 0.257235
ScreenPlayerY = 16.333141
ScreenWidth = 0.000000
ScreenHeight = 0.000000
ScreenInclination = 0.000000

[TableOption]
Select LUT = 0.000000
Desktop DMD = 0.000000
Cabinet Rails = 1.000000
Side Blades = 1.000000