[TableOverride]
ViewCabMode = 2
ViewCabScaleX = 1.100242
ViewCabScaleY = 1.043121
ViewCabScaleZ = 1.000000
ViewCabRotation = 180.000000
ViewCabHOfs = 0.000000
ViewCabVOfs = -18.620401
ViewCabWindowTop = 395.541931
ViewCabWindowBot = 116.836197

[Player]
ScreenPlayerZ = 86.287628
ScreenWidth = 0.000000
ScreenHeight = 0.000000
ScreenInclination = 0.000000
JoyAddCredit2Key = 1

[Standalone]
BackBufferScale = 0.416666