[TableOverride]
ViewCabMode = 2
ViewCabScaleX = 1.052300
ViewCabScaleY = 0.995179
ViewCabScaleZ = 0.952058
ViewCabRotation = 180.000000
ViewCabHOfs = 0.000000
ViewCabVOfs = 0.000000
ViewCabWindowTop = 303.544891
ViewCabWindowBot = 99.380196

[Player]
ScreenPlayerZ = 88.042336
ScreenWidth = 0.000000
ScreenHeight = 0.000000
ScreenInclination = 0.000000
JoyAddCredit2Key = 1
ScreenPlayerY = 19.958849

[Standalone]
BackBufferScale = 0.416666
