[Standalone]
BackBufferScale = 0.666666

[TableOverride]
ViewCabMode = 2
ViewCabScaleX = 1.214321
ViewCabScaleY = 0.992599
ViewCabScaleZ = 1.000000
ViewCabRotation = 180.000000
ViewCabHOfs = 0.000000
ViewCabVOfs = 0.000000
ViewCabWindowTop = 348.044769
ViewCabWindowBot = 82.157204