[TableOverride]
ViewCabMode = 1
ViewCabScaleX = 0.852283
ViewCabScaleY = 0.945524
ViewCabScaleZ = 0.820998
ViewCabRotation = 90.000000
ViewCabPlayerX = 0.000000
ViewCabPlayerY = -151.114868
ViewCabPlayerZ = 1404.774048
ViewCabLookAt = 5.000000
ViewCabFOV = 44.111809
ViewCabHOfs = 0.018600
ViewCabVOfs = 68.770760