[Player]
BallTrailStrength = 0.400000
AlphaRampAccuracy = 10
OverrideTableEmissionScale = 1
DynamicDayNight = 0
EmissionScale = 0.230640
ScreenWidth = 0.000000
ScreenHeight = 0.000000
ScreenInclination = 0.000000
ScreenPlayerX = 0.000000
ScreenPlayerY = 0.000000
ScreenPlayerZ = 70.000000

[TableOverride]
ViewCabMode = 2
ViewCabScaleX = 1.246907
ViewCabScaleY = 1.025296
ViewCabScaleZ = 1.000000
ViewCabRotation = 180.000000
ViewCabHOfs = 0.000000
ViewCabVOfs = -10.254286
ViewCabWindowTop = 364.207947
ViewCabWindowBot = 142.361237