[Player]
BallTrailStrength = 0.400000
AlphaRampAccuracy = 10
OverrideTableEmissionScale = 0
ScreenPlayerX = 0.000000
ScreenPlayerY = 0.000000
ScreenPlayerZ = 70.000000
BallAntiStretch =1

[TableOverride]
ViewCabMode = 0
ViewCabScaleX = 1.014000
ViewCabScaleY = 1.300000
ViewCabScaleZ = 1.000000
ViewCabRotation = 90.000000
ViewCabPlayerX = -24.554062
ViewCabPlayerY = 0.200000
ViewCabPlayerZ = -230.000000
ViewCabLookAt = 12.599995
ViewCabFOV = 20.000000
ViewCabLayback = 50.000000