[Player]
BallTrail = 1
BallTrailStrength = 0.200000
OverrideTableEmissionScale = 0
FXAA = 1

[TableOverride]
ViewCabMode = 0
ViewCabScaleX = 0.827085
ViewCabScaleY = 0.905656
ViewCabScaleZ = 0.893096
ViewCabRotation = 90.000000
ViewCabPlayerX = -48.500000
ViewCabPlayerY = 3.838000
ViewCabPlayerZ = -340.000000
ViewCabLookAt = 1.472901
ViewCabFOV = 42.669304
ViewCabLayback = 50.269924