[TableOverride]
ViewCabMode = 2
ViewCabScaleX = 1.013715
ViewCabScaleY = 0.921135
ViewCabScaleZ = 0.790965
ViewCabRotation = 180.000000
ViewCabHOfs = 0.000000
ViewCabVOfs = 70.404892
ViewCabWindowTop = 0.244847
ViewCabWindowBot = 0.234100