[Standalone]
PinMAMEWindow = 0
B2SHideB2SDMD = 1

[TableOverride]
ViewCabMode = 2
ViewCabScaleX = 1.043754
ViewCabScaleY = 0.910881
ViewCabScaleZ = 0.780080
ViewCabRotation = 180.000000
ViewCabHOfs = 0.041100
ViewCabVOfs = 88.918015
ViewCabWindowTop = -131.414139
ViewCabWindowBot = -142.284912

[Player]
ScreenPlayerY = 14.983701