[Player]
BallTrailStrength = 0.490196
OverrideTableEmissionScale = 0

[TableOverride]
ViewCabMode = 0
ViewCabScaleX = 0.809868
ViewCabScaleY = 0.930085
ViewCabScaleZ = 0.999689
ViewCabRotation = 90.000000
ViewCabPlayerX = 38.942005
ViewCabPlayerY = -1.145000
ViewCabPlayerZ = -678.119873
ViewCabLookAt = 0.049400
ViewCabFOV = 25.033207
ViewCabLayback = 70.030708