[TableOverride]
ViewCabMode = 2
ViewCabScaleX = 1.198548
ViewCabScaleY = 1.004606
ViewCabScaleZ = 0.873945
ViewCabRotation = 180.000000
ViewCabHOfs = 0.048200
ViewCabVOfs = 0.000000
ViewCabWindowTop = 312.747955
ViewCabWindowBot = 97.587227
ToneMapper = 0

[Player]
ScreenPlayerZ = 91.825783
ScreenWidth = 0.000000
ScreenHeight = 0.000000
ScreenInclination = 0.000000
ScreenPlayerY = 18.294546
OverrideTableEmissionScale = 1
DynamicDayNight = 0
EmissionScale = 0.251925
