[Standalone]
BackBufferScale = 0.416666
WindowRenderMode = 0

[TableOverride]
ViewCabMode = 2
ViewCabScaleX = 1.246000
ViewCabScaleY = 1.077251
ViewCabScaleZ = 0.946589
ViewCabRotation = 180.000000
ViewCabHOfs = -1.033300
ViewCabVOfs = -34.375618
ViewCabWindowTop = 371.715942
ViewCabWindowBot = 120.660225
ToneMapper = 0

[Player]
ScreenPlayerZ = 91.825783
ScreenWidth = 0.000000
ScreenHeight = 0.000000
ScreenInclination = 0.000000
ScreenPlayerY = 18.294546
OverrideTableEmissionScale = 1
DynamicDayNight = 0
EmissionScale = 0.251925