[Player]
BallTrailStrength = 0.490196
OverrideTableEmissionScale = 0

[TableOverride]
ViewCabMode = 0
ViewCabScaleX = 0.754018
ViewCabScaleY = 1.042084
ViewCabScaleZ = 0.902581
ViewCabRotation = 90.000000
ViewCabPlayerX = -28.992002
ViewCabPlayerY = -0.000000
ViewCabPlayerZ = -340.000000
ViewCabLookAt = 7.899400
ViewCabFOV = 42.999908
ViewCabLayback = 48.000000