[Player]
BallTrailStrength = 0.501961
ScreenPlayerX = 0.000000
ScreenPlayerY = 0.000000
ScreenPlayerZ = 70.000000
BallAntiStretch = 1
JoyAddCredit2Key = 1

[TableOverride]
ViewCabMode = 0
ViewCabScaleX = 1.050000
ViewCabScaleY = 1.291137
ViewCabScaleZ = 0.999766
ViewCabRotation = 90.000000
ViewCabPlayerX = -4.457999
ViewCabPlayerY = -0.551000
ViewCabPlayerZ = 0.000000
ViewCabLookAt = 20.000000
ViewCabFOV = 20.000000
ViewCabLayback = 50.000000