[Player]
OverrideTableEmissionScale = 1
DynamicDayNight = 0
EmissionScale = 0.399610
ScreenPlayerY = 14.977200
ScreenPlayerZ = 85.019928

[TableOverride]
ToneMapper = 0
ViewCabMode = 2
ViewCabScaleX = 1.230539
ViewCabScaleY = 1.002503
ViewCabScaleZ = 0.893338
ViewCabRotation = 180.000000
ViewCabHOfs = 0.000000
ViewCabVOfs = 0.039593
ViewCabWindowTop = 342.427795
ViewCabWindowBot = 67.483215