[Player]
OverrideTableEmissionScale = 1
DynamicDayNight = 0
EmissionScale = 0.194685
ScreenPlayerY = 16.304602
ScreenPlayerZ = 87.333290
ScreenWidth = 0.000000
ScreenHeight = 0.000000
ScreenInclination = 0.000000

[TableOverride]
ToneMapper = 2
ViewCabMode = 2
ViewCabScaleX = 1.236318
ViewCabScaleY = 1.063473
ViewCabScaleZ = 1.000000
ViewCabRotation = 180.000000
ViewCabHOfs = 0.000000
ViewCabVOfs = -13.836699
ViewCabWindowTop = 370.541931
ViewCabWindowBot = 117.490227

[Standalone]
BackBufferScale = 0.416666