[Player]
BallTrailStrength = 0.490196
OverrideTableEmissionScale = 0
ScreenPlayerX = 0.000000
ScreenPlayerY = 0.000000
ScreenPlayerZ = 70.000000

[TableOverride]
ViewCabMode = 0
ViewCabScaleX = 0.942427
ViewCabScaleY = 1.253400
ViewCabScaleZ = 1.000000
ViewCabRotation = 90.000000
ViewCabPlayerX = -0.623002
ViewCabPlayerY = 2.000000
ViewCabPlayerZ = -300.000000
ViewCabLookAt = 0.000000
ViewCabFOV = 17.000000
ViewCabLayback = 42.000000