[Player]
BallTrailStrength = 0.490196
OverrideTableEmissionScale = 0
ScreenWidth = 0.000000
ScreenHeight = 0.000000
ScreenInclination = 0.000000
ScreenPlayerX = 0.000000
ScreenPlayerY = 0.000000
ScreenPlayerZ = 70.000000

[TableOverride]
ViewCabMode = 2
ViewCabScaleX = 1.265108
ViewCabScaleY = 1.109740
ViewCabScaleZ = 1.000000
ViewCabRotation = 180.000000
ViewCabHOfs = 0.000000
ViewCabVOfs = -69.312508
ViewCabWindowTop = 370.541931
ViewCabWindowBot = 116.281174