[TableOverride]
ViewCabMode = 0
ViewCabScaleX = 1.056840
ViewCabScaleY = 0.992878
ViewCabScaleZ = 1.306637
ViewCabRotation = 90.000000
ViewCabPlayerX = -48.500000
ViewCabPlayerY = -0.000000
ViewCabPlayerZ = -340.000000
ViewCabLookAt = 5.000000
ViewCabFOV = 42.999908
ViewCabLayback = 48.000000