[Player]
BallTrailStrength = 0.290196
OverrideTableEmissionScale = 1
DynamicDayNight = 0
EmissionScale = 0.500002

[TableOverride]
ViewCabMode = 0
ViewCabScaleX = 0.761028
ViewCabScaleY = 0.869489
ViewCabScaleZ = 0.904995
ViewCabRotation = 90.000000
ViewCabPlayerX = 1.375999
ViewCabPlayerY = 0.000000
ViewCabPlayerZ = -340.000000
ViewCabLookAt = -0.624993
ViewCabFOV = 42.999908
ViewCabLayback = 48.000000