[Player]
BallTrailStrength = 0.392157
OverrideTableEmissionScale = 0

[TableOverride]
ViewCabMode = 0
ViewCabScaleX = 0.919023
ViewCabScaleY = 1.056427
ViewCabScaleZ = 1.097939
ViewCabRotation = 90.000000
ViewCabPlayerX = 39.878002
ViewCabPlayerY = -0.000000
ViewCabPlayerZ = -340.000000
ViewCabLookAt = -0.626700
ViewCabFOV = 42.999908
ViewCabLayback = 48.000000