

[TableOverride]
ViewCabMode = 0
ViewCabScaleX = 0.858609
ViewCabScaleY = 1.058099
ViewCabScaleZ = 1.000322
ViewCabRotation = 90.000000
ViewCabPlayerX = -30.134014
ViewCabPlayerY = -0.000000
ViewCabPlayerZ = -340.000000
ViewCabLookAt = -0.576100
ViewCabFOV = 42.999908
ViewCabLayback = 48.000000