[Player]
BallTrailStrength = 0.490196
OverrideTableEmissionScale = 0
FXAA = 1

[TableOverride]
ViewDTLookAt = 53.200005
ViewDTFOV = 37.999973
ViewDTLayback = -27.400028
ViewDTRotation = 0.000000
ViewDTScaleX = 1.045999
ViewDTScaleY = 1.199997
ViewDTScaleZ = 1.000000
ViewDTPlayerX = 0.000000
ViewDTPlayerY = 72.000015
ViewDTPlayerZ = 90.000000
ViewCabLookAt = 20.000008
ViewCabFOV = 15.000000
ViewCabLayback = 35.000000
ViewCabRotation = 90.000000
ViewCabScaleX = 1.080000
ViewCabScaleY = 1.170000
ViewCabScaleZ = 1.000000
ViewCabPlayerX = 27.272999
ViewCabPlayerY = 0.000001
ViewCabPlayerZ = -134.849991
ViewFSSLookAt = 0.000000
ViewFSSFOV = 0.000000
ViewFSSLayback = 0.000000
ViewFSSRotation = 0.000000
ViewFSSScaleX = 0.000000
ViewFSSScaleY = 0.000000
ViewFSSScaleZ = 0.000000
ViewFSSPlayerX = 0.000000
ViewFSSPlayerY = 0.000000
ViewFSSPlayerZ = 1.762985
ViewCabMode = 0

[Standalone]
PinMAMEWindow = 0