[TableOverride]
ViewCabMode = 0
ViewCabScaleX = 0.769180
ViewCabScaleY = 0.910757
ViewCabScaleZ = 0.913605
ViewCabPlayerX = 43.138023
ViewCabPlayerY = -0.420993
ViewCabPlayerZ = -340.000000
ViewCabLookAt = 0.101501
ViewCabRotation = 90.000000
ViewCabFOV = 41.672527
ViewCabLayback = 80.504471