[Player]
BallTrailStrength = 0.490196
OverrideTableEmissionScale = 0

[TableOverride]
ViewCabMode = 0
ViewCabScaleX = 0.983630
ViewCabScaleY = 1.059102
ViewCabScaleZ = 1.161066
ViewCabRotation = 90.000000
ViewCabPlayerX = 12.800027
ViewCabPlayerY = -2.461000
ViewCabPlayerZ = -340.000000
ViewCabLookAt = 3.910500
ViewCabFOV = 42.999908
ViewCabLayback = 48.000000