[Player]
BallTrailStrength = 0.490196
OverrideTableEmissionScale = 0
ScreenPlayerY = 16.325005
ScreenPlayerZ = 89.342056
ScreenWidth = 0.000000
ScreenHeight = 0.000000
ScreenInclination = 0.000000

[TableOverride]
ViewCabMode = 2
ViewCabScaleX = 1.207156
ViewCabScaleY = 0.999948
ViewCabScaleZ = 0.899720
ViewCabRotation = 180.000000
ViewCabHOfs = 9.617002
ViewCabVOfs = 0.000000
ViewCabWindowTop = 221.845245
ViewCabWindowBot = 126.807220
