[Player]
BallTrailStrength = 0.490196
OverrideTableEmissionScale = 0
ScreenPlayerY = 16.325005
ScreenPlayerZ = 89.342056
ScreenWidth = 0.000000
ScreenHeight = 0.000000
ScreenInclination = 0.000000

[TableOverride]
ViewCabMode = 2
ViewCabScaleX = 1.253286
ViewCabScaleY = 1.100228
ViewCabScaleZ = 1.000000
ViewCabRotation = 180.000000
ViewCabHOfs = 0.000000
ViewCabVOfs = -62.867420
ViewCabWindowTop = 361.249023
ViewCabWindowBot = 126.807220

[Standalone]
BackBufferScale = 0.416666