[TableOverride]
ViewCabMode = 0
ViewCabScaleX = 0.828791
ViewCabScaleY = 0.939676
ViewCabScaleZ = 0.907834
ViewCabRotation = 90.000000
ViewCabPlayerX = -27.115986
ViewCabPlayerY = -0.000000
ViewCabPlayerZ = -340.000000
ViewCabLookAt = -0.278101
ViewCabFOV = 42.999908
ViewCabLayback = 48.000000

[Standalone]
BackBufferScale = 0.416666

[Player]
MaxTexDimension = 3072
FXAA = 1