[Player]
BallTrailStrength = 0.490196
OverrideTableEmissionScale = 0

[TableOverride]
ViewCabMode = 2
ViewCabScaleX = 0.919815
ViewCabScaleY = 0.988997
ViewCabScaleZ = 0.749962
ViewCabRotation = 180.000000
ViewCabHOfs = 0.000000
ViewCabVOfs = 0.042121
ViewCabWindowTop = 229.032928
ViewCabWindowBot = 83.953270