[Player]
MaxFramerate = 0
SyncMode = 1
BallTrailStrength = 0.392157
OverrideTableEmissionScale = 0
FXAA = 1

[TableOverride]
ViewCabMode = 0
ViewCabScaleX = 0.818596
ViewCabScaleY = 1.037503
ViewCabScaleZ = 0.904995
ViewCabRotation = 90.000000
ViewCabPlayerX = -48.500000
ViewCabPlayerY = -0.000000
ViewCabPlayerZ = -340.000000
ViewCabLookAt = 5.000000
ViewCabFOV = 37.506706
ViewCabLayback = 85.794708