[Player]
BallTrailStrength = 0.490196
ScreenPlayerZ = 89.967621
OverrideTableEmissionScale = 1
DynamicDayNight = 0
EmissionScale = 0.409085
ScreenWidth = 0.000000
ScreenHeight = 0.000000
ScreenInclination = 0.000000
ScreenPlayerY = 14.973853

[TableOverride]
ViewCabMode = 2
ViewCabScaleX = 1.251980
ViewCabScaleY = 1.000045
ViewCabScaleZ = 1.000000
ViewCabRotation = 180.000000
ViewCabHOfs = 0.000000
ViewCabVOfs = 0.018898
ViewCabWindowTop = 356.768951
ViewCabWindowBot = 164.117157
