[Player]
BallTrail = 0
BallTrailStrength = 0.196078
OverrideTableEmissionScale = 1
DynamicDayNight = 0
EmissionScale = 0.304115

[TableOverride]
ViewCabMode = 0
ViewCabScaleX = 0.814766
ViewCabScaleY = 1.123081
ViewCabScaleZ = 0.928071
ViewCabRotation = 90.000000
ViewCabPlayerX = 37.755997
ViewCabPlayerY = -0.000000
ViewCabPlayerZ = -340.000000
ViewCabLookAt = 10.087500
ViewCabFOV = 55.979595
ViewCabLayback = 53.715698