[Player]
BallTrailStrength = 0.388235
AlphaRampAccuracy = 10
OverrideTableEmissionScale = 0

[TableOverride]
ViewCabMode = 0
ViewCabScaleX = 0.757703
ViewCabScaleY = 0.910965
ViewCabScaleZ = 0.904995
ViewCabRotation = 90.000000
ViewCabPlayerX = 50.758003
ViewCabPlayerY = -0.000000
ViewCabPlayerZ = -340.000000
ViewCabLookAt = 1.018800
ViewCabFOV = 42.999908
ViewCabLayback = 48.000000