[Standalone]
BackBufferScale = 0.416666

[Player]
AAFactor = 0.9

[TableOverride]
ViewCabMode = 2
ViewCabScaleX = 1.132254
ViewCabScaleY = 0.986009
ViewCabScaleZ = 0.848110
ViewCabRotation = 180.000000
ViewCabHOfs = 0.000000
ViewCabVOfs = 0.041922
ViewCabWindowTop = 43.352974
ViewCabWindowBot = 42.445274