[standalone]
BackBufferScale = 0.416666

[TableOverride]
ViewCabMode = 0
ViewCabScaleX = 0.764655
ViewCabScaleY = 1.022184
ViewCabScaleZ = 0.904995
ViewCabRotation = 90.000000
ViewCabPlayerX = 14.886011
ViewCabPlayerY = 5.216998
ViewCabPlayerZ = -340.000000
ViewCabLookAt = 4.341095
ViewCabFOV = 42.999908
ViewCabLayback = 48.000000

[Player]
MaxTexDimension = 3072
BallTrailStrength = 0.400000
OverrideTableEmissionScale = 0