[Standalone]
BackBufferScale = 0.416666

[Player]
BallTrailStrength = 0.490196
OverrideTableEmissionScale = 0
ScreenPlayerY = 20.001900
ScreenPlayerZ = 98.423599
ScreenWidth = 0.000000
ScreenHeight = 0.000000
ScreenInclination = 0.000000
AAFactor = 0.90

[TableOverride]
ViewCabMode = 2
ViewCabScaleX = 1.190096
ViewCabScaleY = 1.006666
ViewCabScaleZ = 0.858781
ViewCabRotation = 180.000000
ViewCabHOfs = 0.000000
ViewCabVOfs = 0.047637
ViewCabWindowTop = 257.824951
ViewCabWindowBot = 0.526230