[TableOverride]
ViewCabMode = 2
ViewCabScaleX = 1.210333
ViewCabScaleY = 1.094809
ViewCabScaleZ = 1.016085
ViewCabRotation = 180.000000
ViewCabHOfs = 0.017300
ViewCabVOfs = -58.263294
ViewCabWindowTop = 378.036896
ViewCabWindowBot = 138.953217

[Standalone]
WindowRenderMode = 0
BackBufferScale = 0.416666

[Player]
ScreenPlayerX = -0.009200
ScreenPlayerZ = 99.974556
