[TableOverride]
ViewCabMode = 0
ViewCabScaleX = 0.760463
ViewCabScaleY = 0.988012
ViewCabScaleZ = 0.904995
ViewCabRotation = 90.000000
ViewCabPlayerX = 29.599016
ViewCabPlayerY = 3.158000
ViewCabPlayerZ = -340.000000
ViewCabLookAt = 5.000000
ViewCabFOV = 42.999908
ViewCabLayback = 48.000000