[Player]
BallTrailStrength = 0.392157
OverrideTableEmissionScale = 1
DynamicDayNight = 0
EmissionScale = 0.163975
ScreenPlayerY = 15.014697
ScreenPlayerZ = 89.973358

[TableOverride]
ViewCabMode = 2
ViewCabScaleX = 1.259468
ViewCabScaleY = 0.991444
ViewCabScaleZ = 0.933170
ViewCabRotation = 180.000000
ViewCabHOfs = 0.000000
ViewCabVOfs = 0.000000
ViewCabWindowTop = 426.437958
ViewCabWindowBot = 111.857277

[Standalone]
BackBufferScale            = 0.416666