[TableOverride]
ViewCabMode = 2
ViewCabScaleX = 1.262994
ViewCabScaleY = 1.130170
ViewCabScaleZ = 1.000000
ViewCabRotation = 180.000000
ViewCabHOfs = 0.000000
ViewCabVOfs = -116.204414
ViewCabWindowTop = 325.541931
ViewCabWindowBot = 83.953270

[Standalone]
BackBufferScale            = 0.5
B2SHideB2SDMD = 0
B2SHideDMD = 0

[Player]
OverrideTableEmissionScale = 1
DynamicDayNight = 0
EmissionScale = 1.000000

[TableOption]
Slope = 4.000000
Tilt Sensitivity = 7.000000
Max Balls in Lane = 2.000000
Ball Brightness = 1.000000
Action Bell = 0.000000
Enable Cheat Mode = 0.000000
Cheat Walls Visible = 0.000000