[TableOverride]
ViewDTLookAt = 43.000000
ViewDTFOV = 43.000000
ViewDTLayback = 0.000000
ViewDTRotation = 0.000000
ViewDTScaleX = 1.000000
ViewDTScaleY = 1.000000
ViewDTScaleZ = 1.000000
ViewDTPlayerX = 0.000000
ViewDTPlayerY = -50.000000
ViewDTPlayerZ = -300.000000
ViewCabLookAt = 0.000000
ViewCabFOV = 22.000000
ViewCabLayback = 60.000000
ViewCabRotation = 90.000000
ViewCabScaleX = 1.000000
ViewCabScaleY = 1.150000
ViewCabScaleZ = 1.000000
ViewCabPlayerX = -2.337994
ViewCabPlayerY = 0.000000
ViewCabPlayerZ = -95.629990
ViewCabMode = 0


[Player]
FXXAA = 1