[Player]
ScreenPlayerY = 0.045756
ScreenPlayerX = 0.000054
ScreenPlayerZ = 100.034180

[TableOverride]
ViewCabMode = 2
ViewCabScaleX = 1.078397
ViewCabScaleY = 1.006475
ViewCabScaleZ = 1.051868
ViewCabRotation = 180.000000
ViewCabHOfs = 1.695116
ViewCabVOfs = -1.937682
ViewCabWindowTop = 37.273087
ViewCabWindowBot = 0.318153
