[Player]
BallTrailStrength = 0.490196
ScreenPlayerZ = 90.002052
OverrideTableEmissionScale = 1
DynamicDayNight = 0
EmissionScale = 0.400001
ScreenWidth = 0.000000
ScreenHeight = 0.000000
ScreenInclination = 0.000000
ScreenPlayerY = 15.002403

[TableOverride]
ViewCabMode = 2
ViewCabScaleX = 1.267413
ViewCabScaleY = 0.992135
ViewCabScaleZ = 1.000000
ViewCabRotation = 180.000000
ViewCabHOfs = 0.000000
ViewCabVOfs = 0.033482
ViewCabWindowTop = 358.109039
ViewCabWindowBot = 97.953217
