[Player]
BallTrailStrength = 0.490196
OverrideTableEmissionScale = 1
DynamicDayNight = 0
EmissionScale = 1.000000

[TableOverride]
ViewCabMode = 0
ViewCabScaleX = 0.820174
ViewCabScaleY = 1.037503
ViewCabScaleZ = 0.612766
ViewCabRotation = 90.000000
ViewCabPlayerX = 427.415039
ViewCabPlayerY = -0.485004
ViewCabPlayerZ = -340.000000
ViewCabLookAt = 5.000000
ViewCabFOV = 42.999908
ViewCabLayback = 48.000000