[Player]
BallTrailStrength = 0.490196
ScreenPlayerZ = 95.300934
OverrideTableEmissionScale = 1
DynamicDayNight = 0
EmissionScale = 0.162896
ScreenWidth = 0.000000
ScreenHeight = 0.000000
ScreenInclination = 0.000000

[TableOverride]
ViewCabMode = 2
ViewCabScaleX = 1.203485
ViewCabScaleY = 1.067502
ViewCabScaleZ = 1.000000
ViewCabRotation = 180.000000
ViewCabHOfs = 0.000000
ViewCabVOfs = -5.499996
ViewCabWindowTop = 370.541931
ViewCabWindowBot = 97.953217
ToneMapper = 0
Difficulty = 1.000000

[Standalone]
BackBufferScale = 0.355729