[Player]
BallTrailStrength = 0.490196
OverrideTableEmissionScale = 0

[TableOverride]
ViewCabMode = 0
ViewCabScaleX = 0.835701
ViewCabScaleY = 0.866226
ViewCabScaleZ = 0.888845
ViewCabRotation = 90.000000
ViewCabPlayerX = 100.827034
ViewCabPlayerY = 1.883000
ViewCabPlayerZ = -376.050018
ViewCabLookAt = 5.000000
ViewCabFOV = 42.999908
ViewCabLayback = 48.000000