[TableOverride]
ViewCabMode = 2
ViewCabScaleX = 1.223013
ViewCabScaleY = 0.987434
ViewCabScaleZ = 0.952166
ViewCabRotation = 180.000000
ViewCabHOfs = 0.006601
ViewCabVOfs = 0.000000
ViewCabWindowTop = 283.881012
ViewCabWindowBot = 96.317123

[Player]
ScreenPlayerY = 16.264351
ScreenPlayerZ = 100.312576
ScreenWidth = 0.000000
ScreenHeight = 0.000000
ScreenInclination = 0.000000
