[Player]
BallTrailStrength = 0.490196
AlphaRampAccuracy = 5

[TableOverride]
ViewCabMode = 0
ViewCabScaleX = 0.811390
ViewCabScaleY = 0.946702
ViewCabScaleZ = 0.907204
ViewCabRotation = 90.000000
ViewCabPlayerX = -30.883001
ViewCabPlayerY = -4.633000
ViewCabPlayerZ = -359.619995
ViewCabLookAt = 1.538501
ViewCabFOV = 42.999908
ViewCabLayback = 38.701180