[Standalone]
WindowRenderMode = 0
BackBufferScale = 0.416666

[TableOverride]
ViewCabMode = 2
ViewCabScaleX = 1.223354
ViewCabScaleY = 1.075942
ViewCabScaleZ = 1.000000
ViewCabRotation = 180.000000
ViewCabHOfs = 2.778000
ViewCabVOfs = -35.590908
ViewCabWindowTop = 375.869904
ViewCabWindowBot = 67.903229

[Player]
ScreenPlayerY = 21.255211
ScreenPlayerZ = 100.304787
ScreenWidth = 0.000000
ScreenHeight = 0.000000
ScreenInclination = 0.000000