[Standalone]
BackBufferScale = 0.666666

[Player]
ScreenPlayerY = 15.007643
ScreenPlayerZ = 89.974327
ViewCabMode = 2
ViewCabRotation = 180.000000
ViewCabScaleX = 1.169850
ViewCabScaleY = 1.130170
ViewCabScaleZ = 1.000000
ViewCabHOfs = 0.000000
ViewCabVOfs = -110.000000
ViewCabWindowTop = 325.541931
ViewCabWindowBot = 83.953270
AAFactor = 0.90

[TableOverride]
ViewCabMode = 2
ViewCabScaleX = 1.129114
ViewCabScaleY = 0.999834
ViewCabScaleZ = 0.731466
ViewCabRotation = 180.000000
ViewCabHOfs = 0.000000
ViewCabVOfs = 0.033884
ViewCabWindowTop = 49.315971
ViewCabWindowBot = 9.730264