[TableOverride]
ViewCabMode = 0
ViewCabScaleX = 0.854355
ViewCabScaleY = 1.045729
ViewCabScaleZ = 0.904995
ViewCabRotation = 90.000000
ViewCabPlayerX = -48.500000
ViewCabPlayerY = -0.000000
ViewCabPlayerZ = -340.000000
ViewCabLookAt = 5.000000
ViewCabFOV = 29.168121
ViewCabLayback = 48.000000