[TableOverride]
ViewCabMode = 2
ViewCabScaleX = 1.293898
ViewCabScaleY = 0.987321
ViewCabScaleZ = 0.859642
ViewCabRotation = 180.000000
ViewCabHOfs = 0.000000
ViewCabVOfs = 0.041922
ViewCabWindowTop = 383.393951
ViewCabWindowBot = 166.152298

[Player]
ScreenPlayerY = 14.952200
ScreenPlayerZ = 109.998222