[Player]
BallTrailStrength = 0.196078
OverrideTableEmissionScale = 1
SSRefl = 0
EmissionScale = 0.220000
SoundVolume = 100
MusicVolume = 100

[TableOverride]
ViewCabLookAt = 8.436897
ViewCabFOV = 28.000000
ViewCabLayback = 76.000000
ViewCabRotation = 90.000000
ViewCabScaleX = 0.931690
ViewCabScaleY = 1.363999
ViewCabScaleZ = 1.000000
ViewCabPlayerX = 14.572043
ViewCabPlayerY = -0.522001
ViewCabPlayerZ = -318.890015
ViewCabMode = 0