[TableOverride]
ViewCabMode = 0
ViewCabScaleX = 0.752283
ViewCabScaleY = 0.894478
ViewCabScaleZ = 0.904995
ViewCabRotation = 90.000000
ViewCabPlayerX = 9.339990
ViewCabPlayerY = 3.126000
ViewCabPlayerZ = -340.000000
ViewCabLookAt = 5.000000
ViewCabFOV = 42.999908
ViewCabLayback = 48.000000