[Player]
BallTrailStrength = 0.196078
OverrideTableEmissionScale = 0
ScreenPlayerY = 17.272049
ScreenPlayerZ = 95.300934
ScreenWidth = 0.000000
ScreenHeight = 0.000000
ScreenInclination = 0.000000

[TableOverride]
ViewCabMode = 2
ViewCabScaleX = 1.288782
ViewCabScaleY = 1.095518
ViewCabScaleZ = 1.000000
ViewCabRotation = 180.000000
ViewCabHOfs = 3.084800
ViewCabVOfs = -64.201241
ViewCabWindowTop = 375.598938
ViewCabWindowBot = 102.086205