[TableOverride]
ViewCabMode = 0
ViewCabScaleX = 1.009947
ViewCabScaleY = 1.383312
ViewCabScaleZ = 1.042074
ViewCabPlayerX = 99.187073
ViewCabPlayerY = -0.000000
ViewCabPlayerZ = -340.000000
ViewCabLookAt = 2.289399
ViewCabRotation = 90.000000
ViewCabFOV = 42.999908
ViewCabLayback = 48.000000