[TableOverride]
ViewCabMode = 0
ViewCabScaleX = 0.757419
ViewCabScaleY = 0.941535
ViewCabScaleZ = 0.904995
ViewCabRotation = 90.000000
ViewCabPlayerX = 63.355995
ViewCabPlayerY = -0.000000
ViewCabPlayerZ = -340.000000
ViewCabLookAt = 1.845000
ViewCabFOV = 42.999908
ViewCabLayback = 48.000000