[TableOverride]
ViewCabMode = 0
ViewCabScaleX = 0.986416
ViewCabScaleY = 1.150759
ViewCabScaleZ = 1.000001
ViewCabRotation = 90.000000
ViewCabPlayerX = 2.594992
ViewCabPlayerY = -3.925000
ViewCabPlayerZ = -160.000000
ViewCabLookAt = 4.988805
ViewCabFOV = 26.800003
ViewCabLayback = 80.399780