[Standalone]
PinMAMEWindow = 0
B2SHideB2SDMD = 1

[TableOverride]
ViewCabMode = 2
ViewCabScaleX = 1.154592
ViewCabScaleY = 0.993444
ViewCabScaleZ = 0.870448
ViewCabRotation = 180.000000
ViewCabHOfs = 0.000000
ViewCabVOfs = 0.041922
ViewCabWindowTop = 53.393963
ViewCabWindowBot = 54.043266

[Player]
ScreenPlayerY = 15.020905
ScreenPlayerZ = 89.993340