[Player]
BallTrailStrength = 0.490196
AlphaRampAccuracy = 10
OverrideTableEmissionScale = 1
JoyAddCredit2Key = 1
DynamicDayNight = 0
EmissionScale = 0.399665
ScreenPlayerZ = 93.260506
ScreenWidth = 0.000000
ScreenHeight = 0.000000
ScreenInclination = 0.000000
ScreenPlayerY = 21.319296

[TableOverride]
ViewCabMode = 2
ViewCabScaleX = 1.266687
ViewCabScaleY = 0.993997
ViewCabScaleZ = 0.932046
ViewCabRotation = 180.000000
ViewCabHOfs = 0.006999
ViewCabVOfs = 0.045776
ViewCabWindowTop = 284.466980
ViewCabWindowBot = 130.506195
