[Player]
BallTrailStrength = 0.490196
OverrideTableEmissionScale = 1
ScreenPlayerY = 21.346294
ScreenPlayerZ = 98.302948
ScreenWidth = 0.000000
ScreenHeight = 0.000000
ScreenInclination = 0.000000
DynamicDayNight = 0
EmissionScale = 0.800735

[TableOverride]
ViewCabMode = 2
ViewCabScaleX = 1.110053
ViewCabScaleY = 1.032267
ViewCabScaleZ = 1.000000
ViewCabRotation = 180.000000
ViewCabHOfs = 0.000000
ViewCabVOfs = -18.779701
ViewCabWindowTop = 371.988892
ViewCabWindowBot = 105.730225