[TableOverride]
ViewCabMode = 1
ViewCabScaleX = 1.023370
ViewCabScaleY = 0.782542
ViewCabScaleZ = 0.963039
ViewCabRotation = 90.000000
ViewCabPlayerX = 13.741000
ViewCabPlayerY = -382.034851
ViewCabPlayerZ = 1404.774048
ViewCabLookAt = 22.374210
ViewCabFOV = 44.111809
ViewCabHOfs = 0.680600
ViewCabVOfs = 52.645073