[TableOverride]
ViewCabMode = 2
ViewCabScaleX = 1.098329
ViewCabScaleY = 1.036634
ViewCabScaleZ = 0.954858
ViewCabRotation = 180.000000
ViewCabHOfs = 0.027400
ViewCabVOfs = 0.000000
ViewCabWindowTop = 314.966034
ViewCabWindowBot = 120.660225
ToneMapper = 1

[Player]
ScreenPlayerZ = 91.825783
ScreenWidth = 0.000000
ScreenHeight = 0.000000
ScreenInclination = 0.000000
ScreenPlayerY = 18.294546
OverrideTableEmissionScale = 1
DynamicDayNight = 0
EmissionScale = 0.302765
