[Standalone]
B2SPlugins = 1

[TableOverride]
ViewCabMode = 1
ViewCabScaleX = 0.866450
ViewCabScaleY = 0.674402
ViewCabScaleZ = 1.143073
ViewCabRotation = 90.000000
ViewCabPlayerX = 0.000000
ViewCabPlayerY = -151.114868
ViewCabPlayerZ = 1404.774048
ViewCabLookAt = 5.000000
ViewCabFOV = 44.111809
ViewCabHOfs = 0.221300
ViewCabVOfs = 93.888268