[Player]
JoyAddCredit2Key = 1

[Standalone]
B2SPlugins = 1

[TableOverride]
ViewCabMode = 1
ViewCabScaleX = 0.870330
ViewCabScaleY = 0.749809
ViewCabScaleZ = 0.865283
ViewCabRotation = 90.000000
ViewCabPlayerX = 0.822002
ViewCabPlayerY = -167.332840
ViewCabPlayerZ = 1241.994995
ViewCabLookAt = 14.960610
ViewCabFOV = 43.532017
ViewCabHOfs = 0.513400
ViewCabVOfs = 70.012482