[Player]
BallTrailStrength = 0.490196
OverrideTableEmissionScale = 0
FXAA = 1

[TableOverride]
ViewCabMode = 0
ViewCabScaleX = 0.924333
ViewCabScaleY = 0.855188
ViewCabScaleZ = 0.906497
ViewCabRotation = 90.000000
ViewCabPlayerX = 45.380001
ViewCabPlayerY = 18.591000
ViewCabPlayerZ = -340.000000
ViewCabLookAt = 0.686298
ViewCabFOV = 37.129112
ViewCabLayback = 54.716499