[Player]
BallTrailStrength = 0.000000
AlphaRampAccuracy = 5
OverrideTableEmissionScale = 0

[TableOverride]
ViewCabMode = 0
ViewCabScaleX = 0.844793
ViewCabScaleY = 1.132579
ViewCabScaleZ = 0.904995
ViewCabRotation = 90.000000
ViewCabPlayerX = -37.578999
ViewCabPlayerY = -12.564002
ViewCabPlayerZ = -340.000000
ViewCabLookAt = 4.460598
ViewCabFOV = 42.999908
ViewCabLayback = 48.000000