[Player]
BallTrailStrength = 0.196078
OverrideTableEmissionScale = 0

[TableOverride]
ViewCabMode = 0
ViewCabScaleX = 1.091912
ViewCabScaleY = 1.236642
ViewCabScaleZ = 1.186099
ViewCabRotation = 90.000000
ViewCabPlayerX = 57.311989
ViewCabPlayerY = 7.561000
ViewCabPlayerZ = -340.000000
ViewCabLookAt = -1.092400
ViewCabFOV = 42.999908
ViewCabLayback = 48.000000