[Player]
BallTrailStrength = 0.196078
OverrideTableEmissionScale = 0

[TableOverride]
ViewDTLookAt = 26.999996
ViewDTFOV = 59.800026
ViewDTLayback = 23.600018
ViewDTRotation = 0.000000
ViewDTScaleX = 1.080000
ViewDTScaleY = 1.000000
ViewDTScaleZ = 1.000000
ViewDTPlayerX = 0.000000
ViewDTPlayerY = 57.000000
ViewDTPlayerZ = -244.000000
ViewCabLookAt = 7.959296
ViewCabFOV = 22.923817
ViewCabLayback = 50.000000
ViewCabRotation = 90.000000
ViewCabScaleX = 1.000000
ViewCabScaleY = 1.150000
ViewCabScaleZ = 1.000000
ViewCabPlayerX = 40.916988
ViewCabPlayerY = 0.677001
ViewCabPlayerZ = -283.910034
ViewFSSLookAt = 28.000000
ViewFSSFOV = 53.000000
ViewFSSLayback = -6.000000
ViewFSSRotation = 0.000000
ViewFSSScaleX = 1.080000
ViewFSSScaleY = 1.000000
ViewFSSScaleZ = 1.000000
ViewFSSPlayerX = 0.000000
ViewFSSPlayerY = 57.000000
ViewFSSPlayerZ = -244.000000
ViewCabMode = 0

[Standalone]
WindowRenderMode = 0