[TableOverride]
ViewCabMode = 2
ViewCabScaleX = 1.148420
ViewCabScaleY = 1.005408
ViewCabScaleZ = 0.901310
ViewCabRotation = 180.000000
ViewCabHOfs = 0.000000
ViewCabVOfs = 0.307683
ViewCabWindowTop = 68.831841
ViewCabWindowBot = 0.364256

[Player]
AAFactor = 0.95