[TableOverride]
ViewCabMode = 2
ViewCabScaleX = 1.296567
ViewCabScaleY = 1.077267
ViewCabScaleZ = 0.873495
ViewCabRotation = 180.000000
ViewCabHOfs = 0.000000
ViewCabVOfs = -102.514114
ViewCabWindowTop = 268.330902
ViewCabWindowBot = 189.669479
ToneMapper = 0

[Player]
ScreenPlayerY = 46.999531
ScreenPlayerZ = 117.602905
OverrideTableEmissionScale = 1
DynamicDayNight = 0
EmissionScale = 0.115000
ScreenPlayerX = 0.274600