[Player]
OverrideTableEmissionScale = 1
ScreenPlayerZ = 96.287247
ScreenPlayerY = 22.316099

[TableOverride]
ViewCabMode = 2
ViewCabScaleX = 1.227461
ViewCabScaleY = 1.085052
ViewCabScaleZ = 1.000000
ViewCabRotation = 180.000000
ViewCabHOfs = 0.000000
ViewCabVOfs = -39.180706
ViewCabWindowTop = 376.914856
ViewCabWindowBot = 84.289238

[Standalone]
BackBufferScale = 0.355729