[Player]
BallTrailStrength = 0.250980

[TableOverride]
ViewCabMode = 0
ViewCabScaleX = 0.867869
ViewCabScaleY = 1.037503
ViewCabScaleZ = 0.957594
ViewCabRotation = 90.000000
ViewCabPlayerX = -41.577003
ViewCabPlayerY = -0.000000
ViewCabPlayerZ = -340.000000
ViewCabLookAt = 5.000000
ViewCabFOV = 42.999908
ViewCabLayback = 48.000000