[Player]
BallTrailStrength = 0.392157
OverrideTableEmissionScale = 0

[TableOverride]
ViewCabMode = 0
ViewCabScaleX = 0.744451
ViewCabScaleY = 0.866298
ViewCabScaleZ = 0.904995
ViewCabRotation = 90.000000
ViewCabPlayerX = 45.716999
ViewCabPlayerY = 8.272999
ViewCabPlayerZ = -340.000000
ViewCabLookAt = 5.000000
ViewCabFOV = 42.999908
ViewCabLayback = 48.000000