[Player]
BallTrailStrength = 0.392157
OverrideTableEmissionScale = 0

[TableOverride]
ViewCabMode = 0
ViewCabScaleX = 0.800835
ViewCabScaleY = 0.922683
ViewCabScaleZ = 0.961380
ViewCabRotation = 90.000000
ViewCabPlayerX = 7.806003
ViewCabPlayerY = 0.786999
ViewCabPlayerZ = -366.949982
ViewCabLookAt = -0.033200
ViewCabFOV = 42.999908
ViewCabLayback = 48.000000