[TableOverride]
ViewCabMode = 2
ViewCabScaleX = 1.131414
ViewCabScaleY = 1.067874
ViewCabScaleZ = 0.961563
ViewCabRotation = 180.000000
ViewCabHOfs = 0.000000
ViewCabVOfs = -60.008961
ViewCabWindowTop = 217.642929
ViewCabWindowBot = 83.953270