[Player]
BallTrailStrength = 0.109804
OverrideTableEmissionScale = 0

[TableOverride]
ViewCabMode = 0
ViewCabScaleX = 0.905132
ViewCabScaleY = 1.234705
ViewCabScaleZ = 0.904185
ViewCabRotation = 90.000000
ViewCabPlayerX = 190.169998
ViewCabPlayerY = 5.265000
ViewCabPlayerZ = -340.000000
ViewCabLookAt = 5.000000
ViewCabFOV = 42.999908
ViewCabLayback = 48.000000