[Player]
BallTrailStrength = 0.752941
SoundVolume = 100
MusicVolume = 100
ScreenPlayerX = 0.000000
ScreenPlayerY = 0.000000
ScreenPlayerZ = 70.000000

[TableOverride]
ViewDTLookAt = 50.200024
ViewDTFOV = 44.399998
ViewDTLayback = 15.199986
ViewDTRotation = 0.000000
ViewDTScaleX = 1.000000
ViewDTScaleY = 1.000000
ViewDTScaleZ = 1.000000
ViewDTPlayerX = 0.000000
ViewDTPlayerY = 111.999397
ViewDTPlayerZ = -430.000000
ViewDTHOfs = 0.000000
ViewDTVOfs = 0.000000
ViewDTWindowTop = 370.541931
ViewDTWindowBot = 138.953217
ViewDTMode = 0
ViewCabLookAt = 11.014897
ViewCabFOV = 35.898277
ViewCabLayback = 54.999310
ViewCabRotation = 90.000000
ViewCabScaleX = 0.767027
ViewCabScaleY = 0.822638
ViewCabScaleZ = 0.399845
ViewCabPlayerX = -118.132973
ViewCabPlayerY = -0.123566
ViewCabPlayerZ = 1382.779053
ViewCabMode = 0
ViewFSSLookAt = 50.000000
ViewFSSFOV = 77.000000
ViewFSSLayback = 0.000000
ViewFSSRotation = 0.000000
ViewFSSScaleX = 1.000000
ViewFSSScaleY = 1.000000
ViewFSSScaleZ = 1.000000
ViewFSSPlayerX = 0.000000
ViewFSSPlayerY = 370.541931
ViewFSSPlayerZ = 1296.896729
ViewFSSHOfs = 0.000000
ViewFSSVOfs = 22.000000
ViewFSSWindowTop = 370.541931
ViewFSSWindowBot = 138.953217
ViewFSSMode = 1
Difficulty = 1.000000