[TableOverride]
ViewCabMode = 2
ViewCabScaleX = 1.162580
ViewCabScaleY = 1.072689
ViewCabScaleZ = 1.043933
ViewCabRotation = 180.000000
ViewCabHOfs = -0.036200
ViewCabVOfs = -26.813725
ViewCabWindowTop = 142.616898
ViewCabWindowBot = 36.129181
ToneMapper = 0

[Standalone]
PinMAMEWindow = 1