[TableOverride]
ViewCabMode = 2
ViewCabScaleX = 1.144203
ViewCabScaleY = 0.999850
ViewCabScaleZ = 1.043933
ViewCabRotation = 180.000000
ViewCabHOfs = 1.555700
ViewCabVOfs = 0.000000
ViewCabWindowTop = 36.049881
ViewCabWindowBot = 35.137177
ToneMapper = 0

[Standalone]
PinMAMEWindow = 1
