[Standalone]
B2SHideGrill               = 0

[TableOverride]
ViewCabMode = 2
ViewCabScaleX = 1.093110
ViewCabScaleY = 0.903872
ViewCabScaleZ = 0.864528
ViewCabRotation = 180.000000
ViewCabHOfs = 4.095401
ViewCabVOfs = 72.551506
ViewCabWindowTop = 97.191040
ViewCabWindowBot = 98.367218

[Player]
ScreenPlayerY = 16.264351
ScreenPlayerZ = 100.312576
ScreenWidth = 0.000000
ScreenHeight = 0.000000
ScreenInclination = 0.000000