[Player]
BallTrailStrength = 0.490196
OverrideTableEmissionScale = 0

[TableOverride]
ViewCabMode = 0
ViewCabScaleX = 0.800356
ViewCabScaleY = 0.899912
ViewCabScaleZ = 1.000415
ViewCabRotation = 90.000000
ViewCabPlayerX = 86.630989
ViewCabPlayerY = -0.000000
ViewCabPlayerZ = -847.400208
ViewCabLookAt = 0.524299
ViewCabFOV = 25.027496
ViewCabLayback = 70.036041