[Player]
BallTrailStrength = 0.250980

[TableOverride]
ViewCabMode = 0
ViewCabScaleX = 0.750961
ViewCabScaleY = 0.797480
ViewCabScaleZ = 1.000000
ViewCabRotation = 90.000000
ViewCabPlayerX = 153.346039
ViewCabPlayerY = -0.199730
ViewCabPlayerZ = -950.000000
ViewCabLookAt = 0.000000
ViewCabFOV = 40.000000
ViewCabLayback = 60.000000