[Player]
BallTrailStrength = 0.501961
AlphaRampAccuracy = 10
OverrideTableEmissionScale = 0

[TableOverride]
ViewCabMode = 0
ViewCabScaleX = 0.846100
ViewCabScaleY = 1.022307
ViewCabScaleZ = 0.889799
ViewCabRotation = 90.000000
ViewCabPlayerX = 11.571002
ViewCabPlayerY = -0.000000
ViewCabPlayerZ = -340.000000
ViewCabLookAt = 5.000000
ViewCabFOV = 23.836628
ViewCabLayback = 48.000000