[TableOverride]
ViewCabMode = 0
ViewCabScaleX = 0.766884
ViewCabScaleY = 0.889312
ViewCabScaleZ = 0.904995
ViewCabRotation = 90.000000
ViewCabPlayerX = 32.328003
ViewCabPlayerY = -0.000000
ViewCabPlayerZ = -340.000000
ViewCabLookAt = 0.236400
ViewCabFOV = 42.999908
ViewCabLayback = 48.000000