[Player]
BallTrailStrength = 0.490196

[TableOverride]
ViewCabMode = 0
ViewCabScaleX = 0.705509
ViewCabScaleY = 0.815178
ViewCabScaleZ = 0.904995
ViewCabRotation = 90.000000
ViewCabPlayerX = 2.040004
ViewCabPlayerY = -0.000000
ViewCabPlayerZ = -340.000000
ViewCabLookAt = 2.001200
ViewCabFOV = 42.999908
ViewCabLayback = 48.000000