[Player]
BallTrailStrength = 0.490196
OverrideTableEmissionScale = 0

[TableOverride]
ViewCabMode = 0
ViewCabScaleX = 0.761852
ViewCabScaleY = 1.076319
ViewCabScaleZ = 0.881361
ViewCabRotation = 90.000000
ViewCabPlayerX = -13.152994
ViewCabPlayerY = -0.000000
ViewCabPlayerZ = -340.000000
ViewCabLookAt = 5.000000
ViewCabFOV = 42.999908
ViewCabLayback = 48.000000