[TableOverride]
ViewCabMode = 2
ViewCabScaleX = 1.031280
ViewCabScaleY = 0.996039
ViewCabScaleZ = 0.861430
ViewCabRotation = 180.000000
ViewCabHOfs = 0.000000
ViewCabVOfs = 0.005316
ViewCabWindowTop = 0.909967
ViewCabWindowBot = 0.438276