[Player]
BallTrailStrength = 0.250980
OverrideTableEmissionScale = 0

[TableOverride]
ViewCabMode = 0
ViewCabScaleX = 0.850358
ViewCabScaleY = 1.000397
ViewCabScaleZ = 1.042659
ViewCabRotation = 90.000000
ViewCabPlayerX = -14.526015
ViewCabPlayerY = 4.014001
ViewCabPlayerZ = -340.000000
ViewCabLookAt = 5.000000
ViewCabFOV = 42.999908
ViewCabLayback = 48.000000