[Standalone]
PinMAMEWindow = 0
;BackBuBackBufferScale = .416666
BackBufferScale = .355729
B2SHideGrill = 0

[Player]
BallTrailStrength = 0.250980
OverrideTableEmissionScale = 0

[TableOverride]
ViewDTLookAt = 37.000000
ViewDTFOV = 40.000000
ViewDTLayback = 0.000000
ViewDTRotation = 180.000000
ViewDTScaleX = 1.000000
ViewDTScaleY = 1.000000
ViewDTScaleZ = 1.000000
ViewDTPlayerX = 0.000000
ViewDTPlayerY = -177.800034
ViewDTPlayerZ = -680.000000
ViewCabLookAt = 8.000000
ViewCabFOV = 26.000000
ViewCabLayback = 60.000000
ViewCabRotation = 90.000000
ViewCabScaleX = 1.120000
ViewCabScaleY = 1.200000
ViewCabScaleZ = 1.000000
ViewCabPlayerX = 17.700981
ViewCabPlayerY = 0.000000
ViewCabPlayerZ = 91.350044
ViewFSSLookAt = 38.000000
ViewFSSFOV = 45.000000
ViewFSSLayback = 0.000000
ViewFSSRotation = 0.000000
ViewFSSScaleX = 1.000000
ViewFSSScaleY = 1.000000
ViewFSSScaleZ = 1.000000
ViewFSSPlayerX = 0.000000
ViewFSSPlayerY = -6.000000
ViewFSSPlayerZ = -235.000000
ViewCabMode = 0
