[Standalone]
PinMAMEWindow = 0

[TableOverride]
ViewCabMode = 2
ViewCabScaleX = 1.041151
ViewCabScaleY = 1.024089
ViewCabScaleZ = 0.915924
ViewCabRotation = 180.000000
ViewCabHOfs = 0.000000
ViewCabVOfs = 0.010199
ViewCabWindowTop = 180.437927
ViewCabWindowBot = 0.558272

[Player]
ScreenPlayerY = 14.955053
ScreenPlayerZ = 90.011406
AAFactor = 0.90