[Player]
BallTrailStrength = 0.490196
OverrideTableEmissionScale = 0
ScreenPlayerY = 14.972398

[TableOverride]
ViewCabMode = 2
ViewCabScaleX = 1.210740
ViewCabScaleY = 0.993400
ViewCabScaleZ = 0.873226
ViewCabRotation = 180.000000
ViewCabHOfs = 0.032800
ViewCabVOfs = 0.000000
ViewCabWindowTop = 310.710907
ViewCabWindowBot = 98.423241
ToneMapper = 2
