[Player]
BallTrailStrength = 0.490196
OverrideTableEmissionScale = 0
ScreenPlayerX = 0.000000
ScreenPlayerY = 0.000000
ScreenPlayerZ = 70.000000
FXAA = 1

[TableOverride]
ViewCabMode = 0
ViewCabScaleX = 1.165999
ViewCabScaleY = 1.396000
ViewCabScaleZ = 1.000000
ViewCabRotation = 90.000000
ViewCabPlayerX = -10.222483
ViewCabPlayerY = 0.000000
ViewCabPlayerZ = 400.000000
ViewCabLookAt = 15.000000
ViewCabFOV = 17.000000
ViewCabLayback = 36.000000

[Standalone]
WindowRenderMode = 0
BackBufferScale = 0.416666