[Player]
BallTrailStrength = 0.490196
AlphaRampAccuracy = 10
OverrideTableEmissionScale = 0

[TableOverride]
ViewCabMode = 0
ViewCabScaleX = 0.950032
ViewCabScaleY = 1.139883
ViewCabScaleZ = 1.000339
ViewCabRotation = 90.000000
ViewCabPlayerX = -56.046978
ViewCabPlayerY = 8.790000
ViewCabPlayerZ = 0.209898
ViewCabLookAt = 5.000000
ViewCabFOV = 42.999908
ViewCabLayback = 48.000000