[Player]
BallTrailStrength = 0.490196
OverrideTableEmissionScale = 1
DynamicDayNight = 0
EmissionScale = 0.519830

[TableOverride]
ViewCabMode = 0
ViewCabScaleX = 0.810026
ViewCabScaleY = 0.960150
ViewCabScaleZ = 1.000409
ViewCabRotation = 90.000000
ViewCabPlayerX = 20.247000
ViewCabPlayerY = 3.536000
ViewCabPlayerZ = -583.000061
ViewCabLookAt = 0.973903
ViewCabFOV = 25.005581
ViewCabLayback = 59.991592