[Player]
BallTrailStrength = 0.392157
OverrideTableEmissionScale = 0
ScreenPlayerY = 17.339302
ScreenPlayerZ = 111.304008
ScreenWidth = 0.000000
ScreenHeight = 0.000000
ScreenInclination = 0.000000

[TableOverride]
ViewCabMode = 2
ViewCabScaleX = 1.176015
ViewCabScaleY = 1.095913
ViewCabScaleZ = 1.000000
ViewCabRotation = 180.000000
ViewCabHOfs = 0.000000
ViewCabVOfs = -10.854094
ViewCabWindowTop = 370.541931
ViewCabWindowBot = 122.885254