[TableOverride]
ViewCabMode = 0
ViewCabScaleX = 0.758975
ViewCabScaleY = 0.935719
ViewCabScaleZ = 0.913652
ViewCabRotation = 90.000000
ViewCabPlayerX = -29.389999
ViewCabPlayerY = 4.297999
ViewCabPlayerZ = -340.000000
ViewCabLookAt = 5.000000
ViewCabFOV = 42.999908
ViewCabLayback = 48.000000