[Player]
BallTrailStrength = 0.490196

[TableOverride]
ViewCabMode = 2
ViewCabScaleX = 1.169850
ViewCabScaleY = 1.130170
ViewCabScaleZ = 1.000000
ViewCabRotation = 180.000000
ViewCabHOfs = 0.000000
ViewCabVOfs = -110.000000
ViewCabWindowTop = 325.541931
ViewCabWindowBot = 83.953270