[Player]
FXAA = 1

[Standalone]
WindowRenderMode = 0
BackBufferScale = 0.333333

[TableOverride]
ViewDTLookAt = 45.400021
ViewDTFOV = 42.000000
ViewDTLayback = 2.000000
ViewDTRotation = 0.000000
ViewDTScaleX = 1.050000
ViewDTScaleY = 1.000000
ViewDTScaleZ = 1.000000
ViewDTPlayerX = -25.000000
ViewDTPlayerY = 50.000000
ViewDTPlayerZ = -560.000000
ViewCabLookAt = 6.992995
ViewCabFOV = 21.049103
ViewCabLayback = 75.000000
ViewCabRotation = 90.000000
ViewCabScaleX = 0.999830
ViewCabScaleY = 1.170119
ViewCabScaleZ = 1.000000
ViewCabPlayerX = -42.067963
ViewCabPlayerY = -131.053085
ViewCabPlayerZ = -1440.750244
ViewFSSLookAt = 40.000000
ViewFSSFOV = 42.000000
ViewFSSLayback = 2.000000
ViewFSSRotation = 0.000000
ViewFSSScaleX = 1.050000
ViewFSSScaleY = 1.000000
ViewFSSScaleZ = 1.000000
ViewFSSPlayerX = -25.000000
ViewFSSPlayerY = 50.000000
ViewFSSPlayerZ = -560.000000
ViewCabMode = 0
