[TableOverride]
ViewCabMode = 2
ViewCabScaleX = 1.278423
ViewCabScaleY = 1.088291
ViewCabScaleZ = 1.009424
ViewCabRotation = 180.000000
ViewCabHOfs = 0.007155
ViewCabVOfs = -46.022572
ViewCabWindowTop = 343.056946
ViewCabWindowBot = 93.466171

[Player]
ScreenPlayerZ = 69.965416