[TableOverride]
ViewCabMode = 2
ViewCabScaleX = 1.194132
ViewCabScaleY = 1.038775
ViewCabScaleZ = 0.959907
ViewCabRotation = 180.000000
ViewCabHOfs = 0.007155
ViewCabVOfs = 0.000000
ViewCabWindowTop = 268.064911
ViewCabWindowBot = 28.352186

[Player]
ScreenPlayerZ = 69.965416
