[Player]
MaxTexDimension = 3072
FXAA = 1

[Standalone]
WindowRenderMode = 0
B2SHideGrill = 1


[TableOverride]
ViewCabMode = 0
ViewCabScaleX = 0.818596
ViewCabScaleY = 1.037503
ViewCabScaleZ = 0.904995
ViewCabRotation = 90.000000
ViewCabPlayerX = -37.134014
ViewCabPlayerY = 11.925003
ViewCabPlayerZ = -311.360046
ViewCabLookAt = 7.048997
ViewCabFOV = 42.999908
ViewCabLayback = 48.000000