[Player]
BallTrailStrength = 0.490196
ScreenPlayerZ = 99.951218

[TableOverride]
ViewCabMode = 2
ViewCabScaleX = 1.184497
ViewCabScaleY = 1.029998
ViewCabScaleZ = 1.000000
ViewCabRotation = 180.000000
ViewCabHOfs = 0.000000
ViewCabVOfs = 0.000000
ViewCabWindowTop = 370.541931
ViewCabWindowBot = 83.953217

[Standalone]
PinMAMEWindow = 0
