[Player]
BallTrailStrength = 0.392157
OverrideTableEmissionScale = 0
ScreenPlayerX = 0.000000
ScreenPlayerY = 0.000000
ScreenPlayerZ = 70.000000

[TableOverride]
ViewCabMode = 0
ViewCabScaleX = 0.759027
ViewCabScaleY = 0.877796
ViewCabScaleZ = 0.908104
ViewCabRotation = 90.000000
ViewCabPlayerX = 34.766014
ViewCabPlayerY = 1.363000
ViewCabPlayerZ = -334.019928
ViewCabLookAt = 1.268305
ViewCabFOV = 42.999908
ViewCabLayback = 38.898010