[Player]
BallTrailStrength = 0.392157
OverrideTableEmissionScale = 0

[TableOverride]
ViewCabMode = 0
ViewCabScaleX = 0.749851
ViewCabScaleY = 0.848755
ViewCabScaleZ = 0.906995
ViewCabRotation = 90.000000
ViewCabPlayerX = 55.423004
ViewCabPlayerY = -0.000000
ViewCabPlayerZ = -340.000000
ViewCabLookAt = 1.268305
ViewCabFOV = 42.999908
ViewCabLayback = 38.898010