[Standalone]
PinMAMEWindow = 0

[Player]
BallTrailStrength = 0.392157
OverrideTableEmissionScale = 0
ScreenPlayerY = 15.005853
ScreenPlayerZ = 90.048065

[TableOverride]
ViewCabMode = 2
ViewCabScaleX = 1.135769
ViewCabScaleY = 0.991103
ViewCabScaleZ = 0.839608
ViewCabRotation = 180.000000
ViewCabHOfs = 0.000000
ViewCabVOfs = 0.000000
ViewCabWindowTop = 52.688862
ViewCabWindowBot = 51.037277

[TableOption]
Select LUT = 0.000000
Cabinet Rails = 0.000000