[Player]
BallTrailStrength = 0.392157
OverrideTableEmissionScale = 0

[TableOverride]
ViewCabMode = 2
ViewCabScaleX = 1.075131
ViewCabScaleY = 1.013771
ViewCabScaleZ = 0.866418
ViewCabRotation = 180.000000
ViewCabHOfs = 0.000000
ViewCabVOfs = -11.744184
ViewCabWindowTop = 106.877899
ViewCabWindowBot = 83.953270