[Player]
BallTrailStrength = 0.490196
OverrideTableEmissionScale = 0

[TableOverride]
ViewCabMode = 0
ViewCabScaleX = 0.874860
ViewCabScaleY = 1.074644
ViewCabScaleZ = 0.905442
ViewCabRotation = 90.000000
ViewCabPlayerX = -64.147003
ViewCabPlayerY = -3.339000
ViewCabPlayerZ = -500.740082
ViewCabLookAt = 9.013901
ViewCabFOV = 9.973420
ViewCabLayback = 58.549416