[Player]
BallTrailStrength = 0.490196
OverrideTableEmissionScale = 1
DynamicDayNight = 0
EmissionScale = 0.199720
ScreenPlayerX = 0.043350
ScreenPlayerY = 15.018049
ScreenPlayerZ = 90.008926

[TableOverride]
ViewCabMode = 2
ViewCabScaleX = 1.161713
ViewCabScaleY = 0.995696
ViewCabScaleZ = 0.663628
ViewCabRotation = 180.000000
ViewCabHOfs = 0.000000
ViewCabVOfs = 0.041922
ViewCabWindowTop = 264.639923
ViewCabWindowBot = 42.445274