[Player]
BallTrailStrength = 0.490196
OverrideTableEmissionScale = 0

[TableOverride]
ViewCabMode = 0
ViewCabScaleX = 0.868314
ViewCabScaleY = 1.063635
ViewCabScaleZ = 0.904995
ViewCabRotation = 90.000000
ViewCabPlayerX = -33.914993
ViewCabPlayerY = -0.000000
ViewCabPlayerZ = -340.000000
ViewCabLookAt = 1.159602
ViewCabFOV = 12.371922
ViewCabLayback = 48.000000