[Player]
EmissionScale = 0.350690
MusicVolume = 60
FXAA = 1

[TableOverride]
ViewCabMode = 0
ViewCabScaleX = 0.971084
ViewCabScaleY = 1.007881
ViewCabScaleZ = 0.909951
ViewCabRotation = 90.000000
ViewCabPlayerX = -17.099010
ViewCabPlayerY = -0.000000
ViewCabPlayerZ = -340.000000
ViewCabLookAt = 15.883603
ViewCabFOV = 10.063044
ViewCabLayback = 40.152210

[Standalone]
BackBufferScale = 0.5