[TableOverride]
ViewCabMode = 0
ViewCabScaleX = 1.000000
ViewCabScaleY = 1.090000
ViewCabScaleZ = 1.000000
ViewCabRotation = 90.000000
ViewCabPlayerX = -0.136001
ViewCabPlayerY = 0.000000
ViewCabPlayerZ = -160.000000
ViewCabLookAt = 0.000000
ViewCabFOV = 27.000000
ViewCabLayback = 76.000000

[Player]
ScreenPlayerX = 0.000000
ScreenPlayerY = 0.000000
ScreenPlayerZ = 70.000000

[Standalone]
BallAntiStretch = 1