[Standalone]
PinMAMEWindow = 0

[TableOverride]
ViewCabMode = 2
ViewCabScaleX = 1.140319
ViewCabScaleY = 0.999852
ViewCabScaleZ = 0.921642
ViewCabRotation = 180.000000
ViewCabHOfs = 0.000000
ViewCabVOfs = 0.016508
ViewCabWindowTop = 59.209194
ViewCabWindowBot = 58.849182
ToneMapper = 1

[Player]
OverrideTableEmissionScale = 1
DynamicDayNight = 0
EmissionScale = 0.390740
ScreenPlayerY = 18.310352
ScreenPlayerZ = 95.328888
ScreenPlayerX = 0.027300
ScreenWidth = 0.000000
ScreenHeight = 0.000000
ScreenInclination = 0.000000
