[TableOverride]
ViewCabMode = 2
ViewCabScaleX = 1.160602
ViewCabScaleY = 1.146719
ViewCabScaleZ = 1.077317
ViewCabRotation = 180.000000
ViewCabHOfs = 0.000000
ViewCabVOfs = -103.234161
ViewCabWindowTop = 279.612244
ViewCabWindowBot = 34.920170
ToneMapper = 0

[Player]
OverrideTableEmissionScale = 1
DynamicDayNight = 0
EmissionScale = 0.206100
ScreenPlayerY = 18.310352
ScreenPlayerZ = 95.328888
ScreenPlayerX = 0.027300
ScreenWidth = 0.000000
ScreenHeight = 0.000000
ScreenInclination = 0.000000

[Standalone]
BackBufferScale = 0.416666
PinMAMEWindow = 0