[Player]
BallTrailStrength = 0.490196
OverrideTableEmissionScale = 0

[TableOverride]
ViewCabMode = 0
ViewCabScaleX = 1.140022
ViewCabScaleY = 1.358929
ViewCabScaleZ = 1.226421
ViewCabRotation = 90.000000
ViewCabPlayerX = -10.751988
ViewCabPlayerY = -0.000000
ViewCabPlayerZ = -249.000015
ViewCabLookAt = -0.047301
ViewCabFOV = 30.768826
ViewCabLayback = 31.021711