[TableOverride]
ViewCabMode = 2
ViewCabScaleX = 1.274251
ViewCabScaleY = 1.203810
ViewCabScaleZ = 1.000000
ViewCabRotation = 180.000000
ViewCabHOfs = 0.602600
ViewCabVOfs = -6.207780
ViewCabWindowTop = 371.715942
ViewCabWindowBot = 120.660225
ToneMapper = 0

[Player]
ScreenPlayerZ = 91.825783
ScreenWidth = 0.000000
ScreenHeight = 0.000000
ScreenInclination = 0.000000
ScreenPlayerY = 18.294546
OverrideTableEmissionScale = 1
DynamicDayNight = 0
EmissionScale = 0.456070
