[TableOverride]
ViewCabMode = 0
ViewCabScaleX = 0.776401
ViewCabScaleY = 0.862308
ViewCabScaleZ = 1.072098
ViewCabRotation = 90.000000
ViewCabPlayerX = -57.250988
ViewCabPlayerY = 0.894989
ViewCabPlayerZ = -492.410004
ViewCabLookAt = 0.017701
ViewCabFOV = 42.999908
ViewCabLayback = 43.106197