[Player]
BallTrailStrength = 0.392157
OverrideTableEmissionScale = 0
ScreenPlayerX = 0.000000
ScreenPlayerY = 0.000000
ScreenPlayerZ = 70.000000

[TableOverride]
ViewCabMode = 0
ViewCabScaleX = 0.908572
ViewCabScaleY = 1.285660
ViewCabScaleZ = 1.000050
ViewCabRotation = 90.000000
ViewCabPlayerX = -30.399887
ViewCabPlayerY = 0.000000
ViewCabPlayerZ = -370.000000
ViewCabLookAt = 6.999999
ViewCabFOV = 27.000000
ViewCabLayback = 76.000000