[Standalone]
PUPPlugin = 1
B2SPlugins = 1

[Player]
BallTrailStrength = 0.392157
OverrideTableEmissionScale = 0
ScreenPlayerY = 16.303198
ScreenPlayerZ = 103.336784
ScreenWidth = 0.000000
ScreenHeight = 0.000000
ScreenInclination = 0.000000

[TableOverride]
ViewCabMode = 2
ViewCabScaleX = 1.214681
ViewCabScaleY = 0.985171
ViewCabScaleZ = 0.963250
ViewCabRotation = 180.000000
ViewCabHOfs = 0.000000
ViewCabVOfs = 0.027702
ViewCabWindowTop = 367.208893
ViewCabWindowBot = 149.040283