[TableOverride]
ViewCabMode = 0
ViewCabScaleX = 1.012274
ViewCabScaleY = 1.173324
ViewCabScaleZ = 1.003423
ViewCabRotation = 90.000000
ViewCabPlayerX = 20.872002
ViewCabPlayerY = 1.018000
ViewCabPlayerZ = -160.000000
ViewCabLookAt = 4.988805
ViewCabFOV = 26.800003
ViewCabLayback = 80.399780