[TableOverride]
ViewCabMode = 0
ViewCabScaleX = 0.847578
ViewCabScaleY = 0.965291
ViewCabScaleZ = 0.904995
ViewCabRotation = 90.000000
ViewCabPlayerX = 104.135010
ViewCabPlayerY = -0.000000
ViewCabPlayerZ = -340.000000
ViewCabLookAt = 0.473599
ViewCabFOV = 36.429306
ViewCabLayback = 46.776897