[Player]
BallTrailStrength = 0.000000
AlphaRampAccuracy = 10
OverrideTableEmissionScale = 0

[TableOverride]
ViewCabMode = 0
ViewCabScaleX = 0.787413
ViewCabScaleY = 0.901706
ViewCabScaleZ = 0.904995
ViewCabRotation = 90.000000
ViewCabPlayerX = 53.002003
ViewCabPlayerY = -0.000000
ViewCabPlayerZ = -340.000000
ViewCabLookAt = 4.590900
ViewCabFOV = 36.460701
ViewCabLayback = 60.475185