[Player]
BallTrailStrength = 0.392157
OverrideTableEmissionScale = 0

[TableOverride]
ViewCabMode = 0
ViewCabScaleX = 0.914417
ViewCabScaleY = 1.037503
ViewCabScaleZ = 0.904995
ViewCabRotation = 90.000000
ViewCabPlayerX = 87.548981
ViewCabPlayerY = -0.000000
ViewCabPlayerZ = -340.000000
ViewCabLookAt = 2.109000
ViewCabFOV = 42.999908
ViewCabLayback = 48.000000