[Player]
BallTrailStrength = 0.490196
AlphaRampAccuracy = 4

[TableOverride]
ViewCabMode = 0
ViewCabScaleX = 0.744440
ViewCabScaleY = 1.021402
ViewCabScaleZ = 0.816865
ViewCabRotation = 90.000000
ViewCabPlayerX = 70.955032
ViewCabPlayerY = 1.931000
ViewCabPlayerZ = -346.399902
ViewCabLookAt = 6.979599
ViewCabFOV = 42.999908
ViewCabLayback = 48.000000