[TableOverride]
ViewDTLookAt = 54.000000
ViewDTFOV = 45.000000
ViewDTLayback = 1.000000
ViewDTRotation = 0.000000
ViewDTScaleX = 1.100000
ViewDTScaleY = 1.300000
ViewDTScaleZ = 1.000000
ViewDTPlayerX = -10.000000
ViewDTPlayerY = 50.000000
ViewDTPlayerZ = 1.000000
ViewCabLookAt = 37.000000
ViewCabFOV = 0.000000
ViewCabLayback = -12.000000
ViewCabRotation = 90.000000
ViewCabScaleX = 1.229999
ViewCabScaleY = 1.130000
ViewCabScaleZ = 1.000000
ViewCabPlayerX = -22.476002
ViewCabPlayerY = -6.000000
ViewCabPlayerZ = 332.359558
ViewFSSLookAt = 54.000000
ViewFSSFOV = 45.000000
ViewFSSLayback = 1.000000
ViewFSSRotation = 0.000000
ViewFSSScaleX = 1.100000
ViewFSSScaleY = 1.300000
ViewFSSScaleZ = 1.000000
ViewFSSPlayerX = -10.000000
ViewFSSPlayerY = 50.000000
ViewFSSPlayerZ = 1.000000
ViewCabMode = 0