[Player]
OverrideTableEmissionScale = 1
DynamicDayNight = 0
EmissionScale = 0.332710
ScreenPlayerY = 18.347946
ScreenPlayerZ = 100.315666
ScreenWidth = 0.000000
ScreenHeight = 0.000000
ScreenInclination = 0.000000

[TableOption]
GI Lights = 1.000000
Color Saturation = 1.000000
Playfield Reflections = 1.000000
Mech Volume = 0.800000
Ball Roll Volume = 0.520000
Ramp Roll Volume = 0.600000

[TableOverride]
ViewCabMode = 2
ViewCabScaleX = 1.093448
ViewCabScaleY = 1.067090
ViewCabScaleZ = 1.000000
ViewCabRotation = 180.000000
ViewCabHOfs = 0.000000
ViewCabVOfs = -38.336498
ViewCabWindowTop = 269.468719
ViewCabWindowBot = 71.721199