[Player]
BallTrailStrength = 0.392157
AlphaRampAccuracy = 10
OverrideTableEmissionScale = 1
DynamicDayNight = 0
EmissionScale = 0.269895

[TableOverride]
ViewCabMode = 0
ViewCabScaleX = 0.815443
ViewCabScaleY = 0.919502
ViewCabScaleZ = 0.999680
ViewCabRotation = 90.000000
ViewCabPlayerX = 22.239012
ViewCabPlayerY = 4.090000
ViewCabPlayerZ = -639.030151
ViewCabLookAt = 0.537002
ViewCabFOV = 24.992304
ViewCabLayback = 70.014412