[Player]
BallTrailStrength = 0.392157
OverrideTableEmissionScale = 0

[TableOverride]
ViewCabMode = 0
ViewCabScaleX = 0.818596
ViewCabScaleY = 1.037503
ViewCabScaleZ = 0.904995
ViewCabRotation = 90.000000
ViewCabPlayerX = -114.439995
ViewCabPlayerY = -0.000000
ViewCabPlayerZ = -486.010010
ViewCabLookAt = 2.100903
ViewCabFOV = 42.999908
ViewCabLayback = 43.937595