[TableOverride]
ViewCabMode = 2
ViewCabScaleX = 1.278207
ViewCabScaleY = 0.988330
ViewCabScaleZ = 0.867395
ViewCabRotation = 180.000000
ViewCabHOfs = 0.038101
ViewCabVOfs = 0.000000
ViewCabWindowTop = 274.799988
ViewCabWindowBot = 90.194214

[Player]
ScreenPlayerY = 22.309242
OverrideTableEmissionScale = 1
DynamicDayNight = 0
EmissionScale = 0.498290
ScreenPlayerZ = 93.264618