[Player]
BallTrailStrength = 0.149020
AlphaRampAccuracy = 10
OverrideTableEmissionScale = 0

[TableOverride]
ViewCabMode = 0
ViewCabScaleX = 0.722598
ViewCabScaleY = 0.978738
ViewCabScaleZ = 0.923071
ViewCabRotation = 90.000000
ViewCabPlayerX = -25.587011
ViewCabPlayerY = 3.137996
ViewCabPlayerZ = -343.549896
ViewCabLookAt = 5.000000
ViewCabFOV = 51.752701
ViewCabLayback = 48.000000