[Player]
BallTrailStrength = 0.490196
OverrideTableEmissionScale = 0
ScreenPlayerZ = 95.000916
ScreenPlayerY = 22.334106
JoyAddCredit2Key = 1

[TableOverride]
ViewCabMode = 2
ViewCabScaleX = 1.186968
ViewCabScaleY = 0.997849
ViewCabScaleZ = 0.950979
ViewCabRotation = 180.000000
ViewCabHOfs = 0.000000
ViewCabVOfs = 0.000000
ViewCabWindowTop = 287.204010
ViewCabWindowBot = 0.543226