[TableOverride]
ViewCabMode = 0
ViewCabScaleX = 0.855896
ViewCabScaleY = 1.037503
ViewCabScaleZ = 0.980517
ViewCabRotation = 90.000000
ViewCabPlayerX = 3.755997
ViewCabPlayerY = -0.000000
ViewCabPlayerZ = -340.000000
ViewCabLookAt = 5.000000
ViewCabFOV = 42.999908
ViewCabLayback = 48.000000

[Standalone]
WindowRenderMode = 0
BackBufferScale = 0.355729


[Player]
BallAntiStretch = 1
FXAA = 1
