[Player]
BallTrailStrength = 0.431373
OverrideTableEmissionScale = 1
DynamicDayNight = 0
EmissionScale = 0.406085
SoundVolume = 5

[TableOverride]
ViewCabMode = 0
ViewCabScaleX = 1.351313
ViewCabScaleY = 1.505635
ViewCabScaleZ = 1.036956
ViewCabRotation = 90.000000
ViewCabPlayerX = -51.972008
ViewCabPlayerY = 0.000000
ViewCabPlayerZ = 400.000000
ViewCabLookAt = 9.357302
ViewCabFOV = 33.000000
ViewCabLayback = 33.000000