[TableOverride]
ViewCabMode = 2
ViewCabScaleX = 1.212481
ViewCabScaleY = 1.130665
ViewCabScaleZ = 1.000000
ViewCabRotation = 180.000000
ViewCabHOfs = 2.753300
ViewCabVOfs = -87.719818
ViewCabWindowTop = 371.715942
ViewCabWindowBot = 120.660225
ToneMapper = 0

[Player]
ScreenPlayerZ = 91.825783
ScreenWidth = 0.000000
ScreenHeight = 0.000000
ScreenInclination = 0.000000
ScreenPlayerY = 18.294546
OverrideTableEmissionScale = 1
DynamicDayNight = 0
EmissionScale = 0.251925

[Standalone]
B2SHideGrill               = 0
B2SHideB2SDMD              = 0
B2SHideB2SBackglass        = 0
BackBufferScale = 0.416666