[TableOverride]
ViewCabMode = 0
ViewCabScaleX = 0.911494
ViewCabScaleY = 1.116578
ViewCabScaleZ = 0.904995
ViewCabRotation = 90.000000
ViewCabPlayerX = 73.410080
ViewCabPlayerY = -0.000000
ViewCabPlayerZ = -340.000000
ViewCabLookAt = 5.183900
ViewCabFOV = 42.999908
ViewCabLayback = 48.000000