[TableOverride]
ViewCabMode = 2
ViewCabScaleX = 1.305104
ViewCabScaleY = 1.029344
ViewCabScaleZ = 1.000001
ViewCabRotation = 180.000000
ViewCabHOfs = -1.0
ViewCabVOfs = -22.178679
ViewCabWindowTop = 357.315948
ViewCabWindowBot = 170.544174

[Player]
ScreenPlayerY = 16.264351
ScreenPlayerZ = 100.312576
ScreenWidth = 0.000000
ScreenHeight = 0.000000
ScreenInclination = 0.000000