[Player]
BallTrailStrength = 0.392157
AlphaRampAccuracy = 10
OverrideTableEmissionScale = 0

[TableOverride]
ViewDTLookAt = 40.599995
ViewDTFOV = 48.000011
ViewDTLayback = 9.999995
ViewDTRotation = 0.000000
ViewDTScaleX = 1.000000
ViewDTScaleY = 1.000000
ViewDTScaleZ = 1.000000
ViewDTPlayerX = 0.000000
ViewDTPlayerY = 75.000008
ViewDTPlayerZ = -380.000000
ViewCabLookAt = 0.000000
ViewCabFOV = 26.000000
ViewCabLayback = 76.000000
ViewCabRotation = 90.000000
ViewCabScaleX = 1.000000
ViewCabScaleY = 1.142000
ViewCabScaleZ = 1.000000
ViewCabPlayerX = -17.400000
ViewCabPlayerY = 0.000000
ViewCabPlayerZ = -148.329987
ViewFSSLookAt = 42.000000
ViewFSSFOV = 45.000000
ViewFSSLayback = 0.000000
ViewFSSRotation = 0.000000
ViewFSSScaleX = 1.000000
ViewFSSScaleY = 1.000000
ViewFSSScaleZ = 1.000000
ViewFSSPlayerX = 0.000000
ViewFSSPlayerY = -20.000000
ViewFSSPlayerZ = -200.000000
ViewCabMode = 0