[Player]
BallTrailStrength = 0.490196
AlphaRampAccuracy = 10
OverrideTableEmissionScale = 1
DynamicDayNight = 0
EmissionScale = 0.160000
ScreenPlayerY = 15.950002
ScreenPlayerZ = 99.951218
JoyAddCredit2Key = 1
AAFactor = 0.85

[TableOverride]
ToneMapper = 0
ViewCabMode = 2
ViewCabScaleX = 1.299854
ViewCabScaleY = 1.117647
ViewCabScaleZ = 1.000000
ViewCabRotation = 180.000000
ViewCabHOfs = 4.483798
ViewCabVOfs = -49.905373
ViewCabWindowTop = 361.833954
ViewCabWindowBot = 83.953217

[TableOption]
Laser Mod = 1.000000
Skull Mod = 1.000000
Flippers = 1.000000
Dynamic Ball Shadows = 0.000000
Ambient Ball Shadows = 1.000000
Mech Volume = 0.800000
Ball Roll Volume = 0.500000
Ramp Roll Volume = 0.500000