[Standalone]
BackBufferScale = 0.666666

[Player]
BallTrailStrength = 0.490196
OverrideTableEmissionScale = 1
ScreenPlayerY = 14.965145
ScreenPlayerZ = 89.969101
ScreenWidth = 0.000000
ScreenHeight = 0.000000
ScreenInclination = 0.000000
DynamicDayNight = 0
EmissionScale = 0.302865
AAFactor = 0.90

[TableOverride]
ViewCabMode = 2
ViewCabScaleX = 1.113685
ViewCabScaleY = 0.991866
ViewCabScaleZ = 0.942158
ViewCabRotation = 180.000000
ViewCabHOfs = 0.038900
ViewCabVOfs = 0.034602
ViewCabWindowTop = 38.608898
ViewCabWindowBot = 38.353142
ToneMapper = 0
