[Player]
BallTrailStrength = 0.490196

[TableOverride]
ViewCabMode = 0
ViewCabScaleX = 0.797884
ViewCabScaleY = 0.929533
ViewCabScaleZ = 0.904995
ViewCabRotation = 90.000000
ViewCabPlayerX = -14.412987
ViewCabPlayerY = -0.000000
ViewCabPlayerZ = -340.000000
ViewCabLookAt = 5.000000
ViewCabFOV = 42.999908
ViewCabLayback = 48.000000