[Player]
BallTrail = 0
BallTrailStrength = 0.490196
OverrideTableEmissionScale = 1
DynamicDayNight = 0
EmissionScale = 0.399635

[TableOverride]
ViewCabMode = 0
ViewCabScaleX = 0.815493
ViewCabScaleY = 0.940265
ViewCabScaleZ = 0.904995
ViewCabRotation = 90.000000
ViewCabPlayerX = -43.643013
ViewCabPlayerY = -0.176009
ViewCabPlayerZ = -341.609924
ViewCabLookAt = 5.000000
ViewCabFOV = 42.999908
ViewCabLayback = 48.000000