[TableOverride]
ViewCabMode = 2
ViewCabScaleX = 1.333691
ViewCabScaleY = 1.038816
ViewCabScaleZ = 1.000000
ViewCabRotation = 180
ViewCabHOfs = 1.833300
ViewCabVOfs = -16.787603
ViewCabWindowTop = 365.351898
ViewCabWindowBot = 138.953217

[Player]
ScreenPlayerY = 12.262100
ScreenWidth = 0.000000
ScreenHeight = 0.000000
ScreenInclination = 0.000000