[Player]
BallTrailStrength = 0.490196
OverrideTableEmissionScale = 1
DynamicDayNight = 0
EmissionScale = 0.172880
MusicVolume = 51

[TableOverride]
ViewCabMode = 0
ViewCabScaleX = 0.968001
ViewCabScaleY = 1.060020
ViewCabScaleZ = 1.000102
ViewCabRotation = 90.000000
ViewCabPlayerX = -18.299000
ViewCabPlayerY = 0.710262
ViewCabPlayerZ = -687.625488
ViewCabLookAt = -1.920200
ViewCabFOV = 13.571576
ViewCabLayback = 58.469685