[Player]
BallTrailStrength = 0.490196
OverrideTableEmissionScale = 1
ScreenPlayerY = 8.001756
ScreenPlayerZ = 100.262527
ScreenWidth = 0.000000
ScreenHeight = 0.000000
ScreenInclination = 0.000000
DynamicDayNight = 0
EmissionScale = 0.302865

[TableOverride]
ViewCabMode = 2
ViewCabScaleX = 1.117372
ViewCabScaleY = 1.006353
ViewCabScaleZ = 0.997140
ViewCabRotation = 180.000000
ViewCabHOfs = 0.035500
ViewCabVOfs = 0.020583
ViewCabWindowTop = 64.865921
ViewCabWindowBot = 34.955143
ToneMapper = 0