[Player]
BallTrailStrength = 0.490196
OverrideTableEmissionScale = 1
ScreenPlayerY = 21.286602
ScreenPlayerZ = 100.262527
ScreenWidth = 0.000000
ScreenHeight = 0.000000
ScreenInclination = 0.000000
DynamicDayNight = 0
EmissionScale = 0.302865

[TableOverride]
ViewCabMode = 2
ViewCabScaleX = 1.162580
ViewCabScaleY = 1.072689
ViewCabScaleZ = 1.043933
ViewCabRotation = 180.000000
ViewCabHOfs = -0.036200
ViewCabVOfs = -3.956916
ViewCabWindowTop = 211.880936
ViewCabWindowBot = 102.718140
ToneMapper = 0

[Standalone]
BackBufferScale = 0.416666