[Player]
MaxTexDimension = 3072

[TableOverride]
ViewCabMode = 0
ViewCabScaleX = 0.785405
ViewCabScaleY = 0.831047
ViewCabScaleZ = 0.904995
ViewCabRotation = 90.000000
ViewCabPlayerX = -48.500000
ViewCabPlayerY = -0.000000
ViewCabPlayerZ = -340.000000
ViewCabLookAt = 5.000000
ViewCabFOV = 42.999908
ViewCabLayback = 48.000000

[Standalone]
BackBufferScale = 0.5