[TableOption]
Select LUT = 0.000000
Cabinet Rails = 0.000000

[TableOverride]
ViewCabMode = 2
ViewCabScaleX = 1.133739
ViewCabScaleY = 0.992985
ViewCabScaleZ = 1.000000
ViewCabRotation = 180.000000
ViewCabHOfs = 0.000000
ViewCabVOfs = 0.000000
ViewCabWindowTop = 50.858849
ViewCabWindowBot = 0.460190

[Player]
ScreenPlayerY = 7.999650
ScreenPlayerZ = 89.997353