[TableOverride]
ViewCabMode = 0
ViewCabScaleX = 0.753474
ViewCabScaleY = 0.844028
ViewCabScaleZ = 0.915004
ViewCabRotation = 90.000000
ViewCabPlayerX = 52.229996
ViewCabPlayerY = -0.000000
ViewCabPlayerZ = -340.000000
ViewCabLookAt = 5.000000
ViewCabFOV = 44.975220
ViewCabLayback = 48.000000

[TableOption]
Select LUT = 0.000000
Cabinet Rails = 0.000000