[Player]
OverrideTableEmissionScale = 1
DynamicDayNight = 0
EmissionScale = 0.201255

[TableOverride]
ToneMapper = 0
ViewCabMode = 0
ViewCabScaleX = 0.767736
ViewCabScaleY = 0.816116
ViewCabScaleZ = 0.904995
ViewCabRotation = 90.000000
ViewCabPlayerX = -13.136998
ViewCabPlayerY = -0.000000
ViewCabPlayerZ = -340.000000
ViewCabLookAt = 5.000000
ViewCabFOV = 42.999908
ViewCabLayback = 48.000000