[Player]
BallTrailStrength = 0.490196
JoyAddCredit2Key = 1

[TableOverride]
ViewCabMode = 1
ViewCabScaleX = 1.170228
ViewCabScaleY = 0.895340
ViewCabScaleZ = 0.990162
ViewCabRotation = 90.000000
ViewCabPlayerX = -0.299000
ViewCabPlayerY = -27.023870
ViewCabPlayerZ = 1407.488159
ViewCabLookAt = 6.982600
ViewCabFOV = 44.515705
ViewCabHOfs = -0.021300
ViewCabVOfs = 71.461525