[TableOverride]
ViewCabMode = 2
ViewCabScaleX = 1.407011
ViewCabScaleY = 1.075748
ViewCabScaleZ = 1.000000
ViewCabRotation = 180.000000
ViewCabHOfs = 2.158700
ViewCabVOfs = -40.491905
ViewCabWindowTop = 370.541931
ViewCabWindowBot = 116.987213
ToneMapper = 0

[Player]
ScreenPlayerY = 10.283599
ScreenWidth = 0.000000
ScreenHeight = 0.000000
ScreenInclination = 0.000000
OverrideTableEmissionScale = 1
DynamicDayNight = 0
EmissionScale = 0.118860

[Standalone]
BackBufferScale = 0.416666