[TableOverride]
ViewCabMode = 0
ViewCabScaleX = 0.815735
ViewCabScaleY = 0.920558
ViewCabScaleZ = 0.904995
ViewCabRotation = 90.000000
ViewCabPlayerX = 62.465992
ViewCabPlayerY = 1.647000
ViewCabPlayerZ = -340.000000
ViewCabLookAt = 3.049401
ViewCabFOV = 42.999908
ViewCabLayback = 48.000000

[Player]
OverrideTableEmissionScale = 1
DynamicDayNight = 0
EmissionScale = 0.145215