[Player]
BallTrailStrength = 0.250980
AlphaRampAccuracy = 10
OverrideTableEmissionScale = 1
ScreenPlayerZ = 99.980461
ScreenWidth = 0.000000
ScreenHeight = 0.000000
ScreenInclination = 0.000000
ScreenPlayerY = 16.043634
DynamicDayNight = 0
EmissionScale = 0.180000

[TableOverride]
ViewCabMode = 2
ViewCabScaleX = 1.167254
ViewCabScaleY = 1.015035
ViewCabScaleZ = 1.000000
ViewCabRotation = 180.000000
ViewCabHOfs = 1.361400
ViewCabVOfs = -0.034360
ViewCabWindowTop = 370.541931
ViewCabWindowBot = 98.162224