[Player]
BallTrailStrength = 0.250980
AlphaRampAccuracy = 10
OverrideTableEmissionScale = 1
ScreenPlayerZ = 99.983711
ScreenWidth = 0.000000
ScreenHeight = 0.000000
ScreenInclination = 0.000000
ScreenPlayerY = 16.043634
DynamicDayNight = 0
EmissionScale = 0.180000

[TableOverride]
ViewCabMode = 2
ViewCabScaleX = 1.231527
ViewCabScaleY = 0.989214
ViewCabScaleZ = 0.974179
ViewCabRotation = 180.000000
ViewCabHOfs = 0.013000
ViewCabVOfs = 0.000000
ViewCabWindowTop = 338.331909
ViewCabWindowBot = 98.162224
