[Player]
SoundVolume = 100

[TableOverride]
ViewCabMode = 0
ViewCabScaleX = 0.790628
ViewCabScaleY = 0.843434
ViewCabScaleZ = 0.904995
ViewCabRotation = 90.000000
ViewCabPlayerX = 28.650015
ViewCabPlayerY = -0.000000
ViewCabPlayerZ = -340.000000
ViewCabLookAt = -0.013901
ViewCabFOV = 42.999908
ViewCabLayback = 48.000000