[Player]
BallTrailStrength = 0.490196
AlphaRampAccuracy = 10
OverrideTableEmissionScale = 1
ScreenPlayerY = -4.750002
ScreenPlayerZ = 100.251236
DynamicDayNight = 0
EmissionScale = 0.232075

[TableOverride]
ViewCabMode = 2
ViewCabScaleX = 1.305274
ViewCabScaleY = 1.129784
ViewCabScaleZ = 1.040290
ViewCabRotation = 180.000000
ViewCabHOfs = 0.000000
ViewCabVOfs = -66.463478
ViewCabWindowTop = 261.541931
ViewCabWindowBot = 92.953217