[Player]
BallTrailStrength = 0.501961
OverrideTableEmissionScale = 0

[TableOverride]
ViewCabMode = 0
ViewCabScaleX = 0.767333
ViewCabScaleY = 1.020628
ViewCabScaleZ = 0.904995
ViewCabRotation = 90.000000
ViewCabPlayerX = 26.656015
ViewCabPlayerY = 17.445000
ViewCabPlayerZ = -340.000000
ViewCabLookAt = 5.000000
ViewCabFOV = 42.999908
ViewCabLayback = 48.000000
Difficulty = 0.504861