[Player]
BallTrailStrength = 0.501961
OverrideTableEmissionScale = 0

[TableOverride]
ViewCabMode = 1
ViewCabScaleX = 1.145175
ViewCabScaleY = 0.879386
ViewCabScaleZ = 0.904995
ViewCabRotation = 90.000000
ViewCabPlayerX = 0.000000
ViewCabPlayerY = 0.400289
ViewCabPlayerZ = 1433.096436
ViewCabLookAt = 4.961998
ViewCabFOV = 45.023094
ViewCabHOfs = 0.826301
ViewCabVOfs = 74.929924