[Player]
BallTrailStrength = 0.501961
OverrideTableEmissionScale = 1
ScreenPlayerY = 15.013253
ScreenPlayerZ = 80.024368
DynamicDayNight = 0
EmissionScale = 0.253230
ScreenWidth = 0.000000
ScreenHeight = 0.000000
ScreenInclination = 0.000000

[TableOverride]
ViewCabMode = 2
ViewCabScaleX = 1.130801
ViewCabScaleY = 0.996139
ViewCabScaleZ = 0.966656
ViewCabRotation = 180.000000
ViewCabHOfs = 0.046999
ViewCabVOfs = 0.000000
ViewCabWindowTop = 332.017609
ViewCabWindowBot = -49.703789

[TableOption]
Ramps Visual Style = 0.000000
General Illumination = 1.000000
Flashers = 1.000000
Ball Reflections = 1.000000
Right MagnaSave Changes LUT = 1.000000
Sidewall Mode - Requires Restart = 0.000000
Ball Shadow = 1.000000
Ball Jump = 0.000000
Frank Head Mode = 4.000000
Side Rails Visibility = 0.000000