[Player]
BallTrailStrength = 0.501961
OverrideTableEmissionScale = 1
ScreenPlayerY = 5.625554
ScreenPlayerZ = 110.017998
DynamicDayNight = 0
EmissionScale = 0.253230
ScreenWidth = 0.000000
ScreenHeight = 0.000000
ScreenInclination = 0.000000
AAFactor = 0.95

[TableOverride]
ViewCabMode = 2
ViewCabScaleX = 1.175438
ViewCabScaleY = 1.023466
ViewCabScaleZ = 0.999278
ViewCabRotation = 180.000000
ViewCabHOfs = 5.875400
ViewCabVOfs = -14.184698
ViewCabWindowTop = 370.541931
ViewCabWindowBot = 83.810226

[Standalone]
BackBufferScale = 0.416666