[TableOverride]
ViewCabMode = 2
ViewCabScaleX = 1.276048
ViewCabScaleY = 1.074430
ViewCabScaleZ = 0.941922
ViewCabRotation = 180.000000
ViewCabHOfs = 0.000000
ViewCabVOfs = -17.863602
ViewCabWindowTop = 348.751801
ViewCabWindowBot = 151.421234

[Player]
ScreenPlayerZ = 87.065369