[TableOverride]
ViewCabMode = 0
ViewCabScaleX = 0.999950
ViewCabScaleY = 1.174529
ViewCabScaleZ = 0.914849
ViewCabRotation = 90.000000
ViewCabPlayerX = 92.820000
ViewCabPlayerY = 0.001000
ViewCabPlayerZ = -0.709963
ViewCabLookAt = 0.986100
ViewCabFOV = 42.999908
ViewCabLayback = 48.000000