[Player]
BallTrailStrength = 0.490196
OverrideTableEmissionScale = 0

[TableOverride]
ViewCabMode = 0
ViewCabScaleX = 0.930460
ViewCabScaleY = 1.068466
ViewCabScaleZ = 1.021239
ViewCabRotation = 90.000000
ViewCabPlayerX = 52.829990
ViewCabPlayerY = -0.000000
ViewCabPlayerZ = -340.000000
ViewCabLookAt = 3.760301
ViewCabFOV = 42.999908
ViewCabLayback = 48.000000