[Player]
JoyAddCredit2Key = 1
BallTrailStrength = 0.490196
OverrideTableEmissionScale = 1
ScreenPlayerY = 16.349201
ScreenPlayerZ = 96.289177
DynamicDayNight = 0
EmissionScale = 0.329880
ScreenWidth = 0.000000
ScreenHeight = 0.000000
ScreenInclination = 0.000000

[TableOverride]
ViewCabMode = 2
ViewCabScaleX = 1.230624
ViewCabScaleY = 1.000240
ViewCabScaleZ = 1.000000
ViewCabRotation = 180.000000
ViewCabHOfs = 0.016700
ViewCabVOfs = 0.015998
ViewCabWindowTop = 297.724976
ViewCabWindowBot = 0.069211