[Player]
JoyAddCredit2Key = 1
BallTrailStrength = 0.490196
OverrideTableEmissionScale = 0

[TableOverride]
ViewCabMode = 0
ViewCabScaleX = 0.805046
ViewCabScaleY = 1.059799
ViewCabScaleZ = 0.849778
ViewCabRotation = 90.000000
ViewCabPlayerX = -8.640005
ViewCabPlayerY = -0.000000
ViewCabPlayerZ = -332.819977
ViewCabLookAt = 5.000000
ViewCabFOV = 42.999908
ViewCabLayback = 48.000000