[TableOverride]
ViewCabMode = 1
ViewCabScaleX = 1.171557
ViewCabScaleY = 0.915221
ViewCabScaleZ = 1.117923
ViewCabRotation = 90.000000
ViewCabPlayerX = -1.073000
ViewCabPlayerY = -151.114868
ViewCabPlayerZ = 1404.774048
ViewCabLookAt = 14.209800
ViewCabFOV = 50.352997
ViewCabHOfs = 0.221300
ViewCabVOfs = 68.017944