[Player]
MaxTexDimension = 3072
BallTrailStrength = 0.490196

[TableOverride]
ViewCabMode = 1
ViewCabScaleX = 1.171557
ViewCabScaleY = 0.915221
ViewCabScaleZ = 1.117923
ViewCabRotation = 90.000000
ViewCabPlayerX = 11.247001
ViewCabPlayerY = -151.114868
ViewCabPlayerZ = 1404.774048
ViewCabLookAt = 14.216806
ViewCabFOV = 49.915100
ViewCabHOfs = 0.182900
ViewCabVOfs = 69.679787

[Standalone]
BackBufferScale = 0.416666