[TableOverride]
ViewCabMode = 1
ViewCabScaleX = 1.099577
ViewCabScaleY = 0.905857
ViewCabScaleZ = 1.085906
ViewCabRotation = 90.000000
ViewCabPlayerX = 0.000000
ViewCabPlayerY = 84.497147
ViewCabPlayerZ = 1404.774048
ViewCabLookAt = 5.000000
ViewCabFOV = 44.111809
ViewCabHOfs = 0.221300
ViewCabVOfs = 75.268295