[TableOverride]
ViewCabMode = 0
ViewCabScaleX = 0.786268
ViewCabScaleY = 0.963607
ViewCabScaleZ = 0.904995
ViewCabRotation = 90.000000
ViewCabPlayerX = -25.929987
ViewCabPlayerY = -0.000000
ViewCabPlayerZ = -340.000000
ViewCabLookAt = 6.631500
ViewCabFOV = 33.155807
ViewCabLayback = 65.703011