[Player]
BallTrailStrength = 0.490196
OverrideTableEmissionScale = 0

[TableOverride]
ViewCabMode = 0
ViewCabScaleX = 0.820866
ViewCabScaleY = 1.028515
ViewCabScaleZ = 0.868848
ViewCabRotation = 90.000000
ViewCabPlayerX = 38.176937
ViewCabPlayerY = -0.000000
ViewCabPlayerZ = -340.000000
ViewCabLookAt = 10.004210
ViewCabFOV = 31.629517
ViewCabLayback = 50.015289