[Player]
BallTrailStrength = 0.490196
OverrideTableEmissionScale = 1
DynamicDayNight = 0
EmissionScale = 0.302230
ScreenPlayerY = 15.009995

[TableOverride]
ViewCabMode = 2
ViewCabScaleX = 1.230658
ViewCabScaleY = 0.992816
ViewCabScaleZ = 0.846157
ViewCabRotation = 180.000000
ViewCabHOfs = 0.000000
ViewCabVOfs = 0.000000
ViewCabWindowTop = 203.251968
ViewCabWindowBot = 83.953270
