[Standalone]
B2SDMDAutoPlacePinMAME = 0

[Player]
BallTrailStrength = 0.490196
OverrideTableEmissionScale = 1
ScreenPlayerZ = 90.047951
DynamicDayNight = 0
EmissionScale = 0.704045
ScreenWidth = 0.000000
ScreenHeight = 0.000000
ScreenInclination = 0.000000
ScreenPlayerX = 0.020047
ScreenPlayerY = 15.004002

[TableOverride]
ViewCabMode = 2
ViewCabScaleX = 1.262894
ViewCabScaleY = 1.020791
ViewCabScaleZ = 0.900965
ViewCabRotation = 180.000000
ViewCabHOfs = 0.000000
ViewCabVOfs = 0.000000
ViewCabWindowTop = 236.974976
ViewCabWindowBot = 0.304262
ToneMapper = 2