[Player]
BallTrailStrength = 0.490196
OverrideTableEmissionScale = 1
ScreenPlayerZ = 94.021172
DynamicDayNight = 0
EmissionScale = 0.704045
ScreenWidth = 0.000000
ScreenHeight = 0.000000
ScreenInclination = 0.000000
ScreenPlayerX = 0.020047
ScreenPlayerY = -0.026000

[TableOverride]
ViewCabMode = 2
ViewCabScaleX = 1.313013
ViewCabScaleY = 1.121580
ViewCabScaleZ = 1.001754
ViewCabRotation = 180.000000
ViewCabHOfs = 0.000000
ViewCabVOfs = -60.704891
ViewCabWindowTop = 370.541931
ViewCabWindowBot = 94.096260

BackBufferScale = 0.416666
ToneMapper = 2