[Player]
BallTrailStrength = 0.490196
OverrideTableEmissionScale = 1
DynamicDayNight = 0
EmissionScale = 0.350690
MusicVolume = 60

[TableOverride]
ViewCabMode = 0
ViewCabScaleX = 0.970280
ViewCabScaleY = 0.994573
ViewCabScaleZ = 0.909951
ViewCabRotation = 90.000000
ViewCabPlayerX = -7.426006
ViewCabPlayerY = -0.000000
ViewCabPlayerZ = -340.000000
ViewCabLookAt = 15.027502
ViewCabFOV = 29.964540
ViewCabLayback = 40.048901