[TableOverride]
ViewCabScaleX = 0.818596
ViewCabScaleY = 1.082969
ViewCabScaleZ = 0.904995
ViewCabPlayerX = 40.000000
ViewCabPlayerY = -0.000000
ViewCabPlayerZ = -340.000000
ViewCabLookAt = 5.000000
ViewCabRotation = 90.000000
ViewCabFOV = 42.999908
ViewCabLayback = 48.000000