[Player]
BallTrailStrength = 0.490196
OverrideTableEmissionScale = 0
FXAA = 6
BallAntiStretch = 1

[TableOverride]
ViewCabMode = 0
ViewCabScaleX = 0.767671
ViewCabScaleY = 1.017976
ViewCabScaleZ = 0.936486
ViewCabRotation = 90.000000
ViewCabPlayerX = 49.081020
ViewCabPlayerY = -0.000000
ViewCabPlayerZ = -338.850006
ViewCabLookAt = 5.000000
ViewCabFOV = 42.999908
ViewCabLayback = 48.000000