[TableOverride]
ViewCabMode = 2
ViewCabScaleX = 1.239912
ViewCabScaleY = 0.991679
ViewCabScaleZ = 0.865835
ViewCabRotation = 180.000000
ViewCabHOfs = 7.160598
ViewCabVOfs = 0.041922
ViewCabWindowTop = 305.007965
ViewCabWindowBot = 109.707237

[Player]
ScreenPlayerY = 15.029302
ScreenPlayerZ = 89.969841
AAFactor = 0.90