[Player]
BallTrailStrength = 0.490196
OverrideTableEmissionScale = 1
DynamicDayNight = 0
EmissionScale = 0.294545

[TableOverride]
ViewCabMode = 0
ViewCabScaleX = 0.765248
ViewCabScaleY = 0.916501
ViewCabScaleZ = 0.904995
ViewCabRotation = 90.000000
ViewCabPlayerX = 16.279995
ViewCabPlayerY = -0.000000
ViewCabPlayerZ = -340.000000
ViewCabLookAt = 5.000000
ViewCabFOV = 42.999908
ViewCabLayback = 48.000000