[Player]
JoyLTiltKey                     = 0
JoyRTiltKey                     = 0
JoyLMagnaSave                   = 14
JoyRMagnaSave                   = 15

[TableOverride]
ViewCabMode = 0
ViewCabScaleX = 1.174541
ViewCabScaleY = 1.371655
ViewCabScaleZ = 0.999760
ViewCabRotation = 90.000000
ViewCabPlayerX = -3.964017
ViewCabPlayerY = 0.332000
ViewCabPlayerZ = -3290.390869
ViewCabLookAt = 2.996103
ViewCabFOV = 45.984196
ViewCabLayback = 70.018814