[TableOverride]
ViewCabMode = 0
ViewCabScaleX = 0.852428
ViewCabScaleY = 0.926111
ViewCabScaleZ = 1.023161
ViewCabRotation = 90.000000
ViewCabPlayerX = -1.102997
ViewCabPlayerY = 1.474000
ViewCabPlayerZ = -310.410034
ViewCabLookAt = 4.931695
ViewCabFOV = 44.777481
ViewCabLayback = 59.301945