[Player]
BallTrailStrength = 0.490196
OverrideTableEmissionScale = 1
DynamicDayNight = 0
EmissionScale = 0.100895

[TableOverride]
ViewCabMode = 0
ViewCabScaleX = 0.809908
ViewCabScaleY = 0.955225
ViewCabScaleZ = 0.840235
ViewCabRotation = 90.000000
ViewCabPlayerX = 106.973999
ViewCabPlayerY = -95.716995
ViewCabPlayerZ = -466.069824
ViewCabLookAt = 9.963697
ViewCabFOV = 29.950905
ViewCabLayback = 59.976913