[Player]
BallTrailStrength = 0.490196

[TableOverride]
ViewCabMode = 0
ViewCabScaleX = 0.815501
ViewCabScaleY = 0.971401
ViewCabScaleZ = 0.904995
ViewCabRotation = 90.000000
ViewCabPlayerX = -97.034004
ViewCabPlayerY = -0.000000
ViewCabPlayerZ = -340.000000
ViewCabLookAt = 2.351403
ViewCabFOV = 42.999908
ViewCabLayback = 48.000000