[Player]
BallTrailStrength = 0.392157
OverrideTableEmissionScale = 0

[TableOverride]
ViewCabMode = 0
ViewCabScaleX = 0.819063
ViewCabScaleY = 0.968981
ViewCabScaleZ = 0.905440
ViewCabRotation = 90.000000
ViewCabPlayerX = 51.275005
ViewCabPlayerY = 0.285001
ViewCabPlayerZ = -343.380066
ViewCabLookAt = 0.880899
ViewCabFOV = 42.296383
ViewCabLayback = 47.959301