[Player]
BallTrailStrength = 0.392157
OverrideTableEmissionScale = 0

[TableOverride]
ViewCabMode = 0
ViewCabScaleX = 0.805084
ViewCabScaleY = 0.902665
ViewCabScaleZ = 0.913444
ViewCabRotation = 90.000000
ViewCabPlayerX = -41.460999
ViewCabPlayerY = 2.925000
ViewCabPlayerZ = -349.190033
ViewCabLookAt = 8.719999
ViewCabFOV = 38.007114
ViewCabLayback = 49.913296