[TableOverride]
ViewCabMode = 0
ViewCabScaleX = 0.766131
ViewCabScaleY = 0.880809
ViewCabScaleZ = 0.904995
ViewCabRotation = 90.000000
ViewCabPlayerX = 39.352985
ViewCabPlayerY = -0.000000
ViewCabPlayerZ = -340.000000
ViewCabLookAt = 0.593900
ViewCabFOV = 42.999908
ViewCabLayback = 48.000000

[Player]
OverrideTableEmissionScale = 1
DynamicDayNight = 0
EmissionScale = 0.250080