[TableOverride]
ViewCabMode = 0
ViewCabScaleX = 0.987774
ViewCabScaleY = 1.037503
ViewCabScaleZ = 0.904995
ViewCabRotation = 90.000000
ViewCabPlayerX = -5.137994
ViewCabPlayerY = -0.000000
ViewCabPlayerZ = -340.000000
ViewCabLookAt = 5.000000
ViewCabFOV = 7.150727
ViewCabLayback = 40.622772