[Player]
BallTrailStrength = 0.490196
OverrideTableEmissionScale = 1
DynamicDayNight = 0
EmissionScale = 0.141045
JoyAddCredit2Key = 1

[TableOverride]
ViewCabMode = 0
ViewCabScaleX = 0.833476
ViewCabScaleY = 1.081161
ViewCabScaleZ = 0.948653
ViewCabRotation = 90.000000
ViewCabPlayerX = 31.544987
ViewCabPlayerY = -0.000000
ViewCabPlayerZ = -340.000000
ViewCabLookAt = 5.000000
ViewCabFOV = 42.999908
ViewCabLayback = 48.000000