[TableOverride]
ViewDTLookAt = 52.000000
ViewDTFOV = 32.000000
ViewDTLayback = 6.000000
ViewDTRotation = 0.000000
ViewDTScaleX = 1.000000
ViewDTScaleY = 1.000000
ViewDTScaleZ = 1.000000
ViewDTPlayerX = 0.000000
ViewDTPlayerY = -10.000000
ViewDTPlayerZ = -200.000000
ViewCabLookAt = 8.999996
ViewCabFOV = 27.000000
ViewCabLayback = 76.000000
ViewCabRotation = 90.000000
ViewCabScaleX = 1.000000
ViewCabScaleY = 1.150000
ViewCabScaleZ = 1.000000
ViewCabPlayerX = -15.000000
ViewCabPlayerY = 0.000000
ViewCabPlayerZ = -200.000000
ViewFSSLookAt = 52.000000
ViewFSSFOV = 45.000000
ViewFSSLayback = 0.000000
ViewFSSRotation = 0.000000
ViewFSSScaleX = 1.200000
ViewFSSScaleY = 1.100000
ViewFSSScaleZ = 1.000000
ViewFSSPlayerX = 0.000000
ViewFSSPlayerY = 30.000000
ViewFSSPlayerZ = -50.000000
ViewCabMode = 0

[Player]
FXAA = 1