[Standalone]
BackBufferScale = 0.666666

[TableOverride]
ViewCabMode = 2
ViewCabScaleX = 1.100972
ViewCabScaleY = 1.000188
ViewCabScaleZ = 0.774079
ViewCabRotation = 180.000000
ViewCabHOfs = 0.013405
ViewCabVOfs = 0.034879
ViewCabWindowTop = 0.044891
ViewCabWindowBot = 0.696193
ToneMapper = 0
Difficulty = 0.504290

[Player]
ScreenPlayerZ = 99.953476
ScreenWidth = 0.000000
ScreenHeight = 0.000000
ScreenInclination = 0.000000
ScreenPlayerY = 7.986940
OverrideTableEmissionScale = 1
DynamicDayNight = 0
EmissionScale = 0.320580
AAFactor = 0.90

[TableOption]
Select LUT = 0.000000
Cabinet Rails = 1.000000
Balls per Game = 1.000000
Auto Ball Loading = 0.000000