[TableOverride]
ViewCabMode = 2
ViewCabScaleX = 1.308678
ViewCabScaleY = 1.139929
ViewCabScaleZ = 1.009267
ViewCabRotation = 180.000000
ViewCabHOfs = -6.306396
ViewCabVOfs = -96.075722
ViewCabWindowTop = 199.510925
ViewCabWindowBot = 93.825195
ToneMapper = 2
Difficulty = 0.504290

[Player]
ScreenPlayerZ = 91.825783
ScreenWidth = 0.000000
ScreenHeight = 0.000000
ScreenInclination = 0.000000
ScreenPlayerY = 18.294546
OverrideTableEmissionScale = 1
DynamicDayNight = 0
EmissionScale = 0.320580