[TableOverride]
ViewCabMode = 0
ViewCabScaleX = 0.835125
ViewCabScaleY = 1.037178
ViewCabScaleZ = 0.904995
ViewCabRotation = 90.000000
ViewCabPlayerX = 24.636005
ViewCabPlayerY = -0.219000
ViewCabPlayerZ = -388.690033
ViewCabLookAt = 5.000000
ViewCabFOV = 19.619619
ViewCabLayback = 48.000000