[Player]
BallTrailStrength = 0.392157
OverrideTableEmissionScale = 1
DynamicDayNight = 0
EmissionScale = 0.300165

[TableOverride]
ViewCabMode = 0
ViewCabScaleX = 0.864364
ViewCabScaleY = 1.056501
ViewCabScaleZ = 0.891866
ViewCabRotation = 90.000000
ViewCabPlayerX = 13.791996
ViewCabPlayerY = -22.845003
ViewCabPlayerZ = -340.000000
ViewCabLookAt = 7.746097
ViewCabFOV = 22.415216
ViewCabLayback = 48.000000