[TableOverride]
ViewCabMode = 2
ViewCabScaleX = 1.188387
ViewCabScaleY = 0.985466
ViewCabScaleZ = 1.000000
ViewCabRotation = 180.000000
ViewCabHOfs = 0.000000
ViewCabVOfs = 0.045401
ViewCabWindowTop = 303.179016
ViewCabWindowBot = 0.594152

[Player]
ScreenPlayerY = 15.019816
ScreenPlayerZ = 90.026604
ScreenWidth = 0.000000
ScreenHeight = 0.000000
ScreenInclination = 0.000000
OverrideTableEmissionScale = 1
DynamicDayNight = 0
EmissionScale = 0.202155
AAFactor = 0.80