[Player]
BallTrailStrength = 0.490196
AlphaRampAccuracy = 10
FXAA = 1
JoyAddCredit2Key = 1

[TableOverride]
ViewCabMode = 0
ViewCabScaleX = 0.774527
ViewCabScaleY = 0.965354
ViewCabScaleZ = 0.904995
ViewCabRotation = 90.000000
ViewCabPlayerX = 131.823090
ViewCabPlayerY = 3.701001
ViewCabPlayerZ = -537.730042
ViewCabLookAt = 5.000000
ViewCabFOV = 37.977844
ViewCabLayback = 55.036465

[Standalone]
BackBufferScale = 0.416666