[Player]
BallTrailStrength = 0.490196
AlphaRampAccuracy = 10
FXAA = 1
JoyAddCredit2Key = 1

[TableOverride]
ViewCabMode = 0
ViewCabScaleX = 0.799890
ViewCabScaleY = 0.949631
ViewCabScaleZ = 0.904995
ViewCabRotation = 90.000000
ViewCabPlayerX = 157.323029
ViewCabPlayerY = -0.000000
ViewCabPlayerZ = -476.049988
ViewCabLookAt = 5.000000
ViewCabFOV = 40.009232
ViewCabLayback = 60.030972

[Standalone]
BackBufferScale = 0.416666
