[Player]
BallTrailStrength = 0.490196
AlphaRampAccuracy = 10
FXAA = 1
JoyAddCredit2Key = 1

[TableOverride]
ViewCabMode = 0
ViewCabScaleX = 0.759880
ViewCabScaleY = 0.900397
ViewCabScaleZ = 1.062221
ViewCabRotation = 90.000000
ViewCabPlayerX = 192.714050
ViewCabPlayerY = 3.701001
ViewCabPlayerZ = -780.289917
ViewCabLookAt = 4.991100
ViewCabFOV = 39.971134
ViewCabLayback = 69.963867

[Standalone]
BackBufferScale = 0.416666