[Player]
BallTrailStrength = 0.490196
AlphaRampAccuracy = 10
FXAA = 6

[TableOverride]
ViewCabMode = 0
ViewCabScaleX = 0.948509
ViewCabScaleY = 1.113227
ViewCabScaleZ = 0.904995
ViewCabRotation = 90.000000
ViewCabPlayerX = 19.600000
ViewCabPlayerY = -0.000000
ViewCabPlayerZ = -340.000000
ViewCabLookAt = 5.000000
ViewCabFOV = 42.999908
ViewCabLayback = 48.000000