[Standalone]
BackBufferScale = 0.5

[Player]
MaxTexDimension = 3072
FXAA = 1

[TableOverride]
ViewCabMode = 2
ViewCabScaleX = 0.961444
ViewCabScaleY = 1.180348
ViewCabScaleZ = 1.047840
ViewCabRotation = 180.000000
ViewCabHOfs = 0.000000
ViewCabVOfs = -10.951090
ViewCabWindowTop = 370.541931
ViewCabWindowBot = 138.953217