[Standalone]
BackBufferScale = 0.416666

[Player]
ScreenPlayerY = 0.045756
ScreenPlayerX = 0.000054
ScreenPlayerZ = 100.034180

[TableOverride]
ViewCabMode = 2
ViewCabScaleX = 1.039579
ViewCabScaleY = 0.959688
ViewCabScaleZ = 1.050349
ViewCabRotation = 180.000000
ViewCabHOfs = 0.000000
ViewCabVOfs = 38.518703
ViewCabWindowTop = 37.273087
ViewCabWindowBot = 0.318153