[TableOverride]
ViewCabMode = 0
ViewCabScaleX = 0.815159
ViewCabScaleY = 0.866479
ViewCabScaleZ = 1.072098
ViewCabRotation = 90.000000
ViewCabPlayerX = 23.819014
ViewCabPlayerY = 0.302989
ViewCabPlayerZ = -492.410004
ViewCabLookAt = 5.000000
ViewCabFOV = 42.999908
ViewCabLayback = 48.000000