[Standalone]
PinMAMEWindow = 0
B2SHideB2SDMD = 1

[Player]
ScreenPlayerY = 8.009955
ScreenPlayerX = 0.000054
ScreenPlayerZ = 90.003349

[TableOverride]
ViewCabMode = 2
ViewCabScaleX = 1.084802
ViewCabScaleY = 0.990163
ViewCabScaleZ = 1.050349
ViewCabRotation = 180.000000
ViewCabHOfs = 0.000000
ViewCabVOfs = 0.000000
ViewCabWindowTop = 50.237099
ViewCabWindowBot = 50.201164
