[TableOverride]
ViewCabMode = 0
ViewCabScaleX = 0.979237
ViewCabScaleY = 1.030557
ViewCabScaleZ = 1.236176
ViewCabRotation = 90.000000
ViewCabPlayerX = 29.062014
ViewCabPlayerY = 0.302989
ViewCabPlayerZ = -492.410004
ViewCabLookAt = 5.000000
ViewCabFOV = 42.999908
ViewCabLayback = 48.000000