[Player]
BallTrailStrength = 0.196078
OverrideTableEmissionScale = 0
ScreenPlayerY = 22.304304
ScreenPlayerZ = 107.339943
ScreenWidth = 0.000000
ScreenHeight = 0.000000
ScreenInclination = 0.000000

[TableOverride]
ViewCabMode = 2
ViewCabScaleX = 1.237896
ViewCabScaleY = 1.034565
ViewCabScaleZ = 1.000000
ViewCabRotation = 180.000000
ViewCabHOfs = 1.124301
ViewCabVOfs = -30.031410
ViewCabWindowTop = 370.541931
ViewCabWindowBot = 116.546204