[Standalone]
B2SHideB2SDMD = 1

[TableOverride]
ViewCabMode = 2
ViewCabScaleX = 1.149938
ViewCabScaleY = 0.990496
ViewCabScaleZ = 0.860326
ViewCabRotation = 180.000000
ViewCabHOfs = 0.000000
ViewCabVOfs = 0.011699
ViewCabWindowTop = 45.797852
ViewCabWindowBot = 46.109280