[Player]
JoyAddCredit2Key = 1
BallTrailStrength = 0.490196
ScreenPlayerZ = 90.000954
ScreenWidth = 0.000000
ScreenHeight = 0.000000
ScreenInclination = 0.000000
OverrideTableEmissionScale = 1
DynamicDayNight = 0
EmissionScale = 0.350000
ScreenPlayerY = 15.004737
AAFactor = 0.90

[TableOverride]
ViewCabMode = 2
ViewCabScaleX = 1.223843
ViewCabScaleY = 0.993069
ViewCabScaleZ = 0.970357
ViewCabRotation = 180.000000
ViewCabHOfs = 5.336496
ViewCabVOfs = 0.000000
ViewCabWindowTop = 353.946991
ViewCabWindowBot = 0.922204