[Player]
JoyAddCredit2Key = 1
BallTrailStrength = 0.490196
ScreenPlayerZ = 100.251236
ScreenWidth = 0.000000
ScreenHeight = 0.000000
ScreenInclination = 0.000000
OverrideTableEmissionScale = 1
DynamicDayNight = 0
EmissionScale = 0.350000
ScreenPlayerY = 3.549998

[TableOverride]
ViewCabMode = 2
ViewCabScaleX = 1.253487
ViewCabScaleY = 1.025009
ViewCabScaleZ = 1.000000
ViewCabRotation = 180.000000
ViewCabHOfs = 3.439997
ViewCabVOfs = -5.679996
ViewCabWindowTop = 370.541931
ViewCabWindowBot = 98.953217

[Standalone]
BackBufferScale = 0.416666