[Player]
BallTrailStrength = 0.490196
JoyAddCredit2Key = 1
AAFactor = 1.000000
OverrideTableEmissionScale = 1
DynamicDayNight = 0
EmissionScale = 0.283130

[TableOverride]
ViewCabMode = 0
ViewCabScaleX = 0.888523
ViewCabScaleY = 1.176296
ViewCabScaleZ = 0.904995
ViewCabRotation = 90.000000
ViewCabPlayerX = 106.094009
ViewCabPlayerY = 2.102000
ViewCabPlayerZ = -340.000000
ViewCabLookAt = 5.000000
ViewCabFOV = 42.999908
ViewCabLayback = 48.000000