[TableOverride]
ViewCabMode = 2
ViewCabScaleX = 1.135668
ViewCabScaleY = 1.005618
ViewCabScaleZ = 0.873958
ViewCabRotation = 180.000000
ViewCabHOfs = 0.000000
ViewCabVOfs = 0.009406
ViewCabWindowTop = 41.020874
ViewCabWindowBot = 40.713261

[Player]
ScreenPlayerX = 0.018550
ScreenPlayerY = 14.984099
OverrideTableEmissionScale = 1
DynamicDayNight = 0
EmissionScale = 0.298460
ScreenPlayerZ = 89.982582