[TableOverride]
ViewCabMode = 1
ViewCabScaleX = 1.119370
ViewCabScaleY = 0.920978
ViewCabScaleZ = 1.105699
ViewCabRotation = 90.000000
ViewCabPlayerX = 0.000000
ViewCabPlayerY = -151.114868
ViewCabPlayerZ = 1404.774048
ViewCabLookAt = 5.000000
ViewCabFOV = 44.111809
ViewCabHOfs = 0.221300
ViewCabVOfs = 70.024551

[Standalone]
BackBufferScale = 0.416666