[Player]
JoyAddCredit2Key = 1

[TableOverride]
ViewCabMode = 2
ViewCabScaleX = 1.019905
ViewCabScaleY = 0.954859
ViewCabScaleZ = 0.824689
ViewCabRotation = 180.000000
ViewCabHOfs = 0.000000
ViewCabVOfs = 7.373200
ViewCabWindowTop = 0.301929
ViewCabWindowBot = 0.690250