[Player]
BallTrailStrength = 0.490196
ScreenPlayerY = 21.303751
ScreenPlayerZ = 65.305420
ScreenWidth = 0.000000
ScreenHeight = 0.000000
ScreenInclination = 0.000000
MaxTexDimension = 3072
FXAA = 1

[TableOverride]
ViewCabMode = 2
ViewCabScaleX = 1.235503
ViewCabScaleY = 1.169086
ViewCabScaleZ = 1.000000
ViewCabRotation = 180.000000
ViewCabHOfs = 0.000000
ViewCabVOfs = -35.293404
ViewCabWindowTop = 357.925842
ViewCabWindowBot = 60.891216