[Player]
BallTrailStrength = 0.196078
OverrideTableEmissionScale = 0

[TableOverride]
ViewCabMode = 0
ViewCabScaleX = 0.799746
ViewCabScaleY = 0.899800
ViewCabScaleZ = 1.000417
ViewCabRotation = 90.000000
ViewCabPlayerX = 11.420000
ViewCabPlayerY = -0.000000
ViewCabPlayerZ = -676.829895
ViewCabLookAt = 0.048501
ViewCabFOV = 30.039423
ViewCabLayback = 60.033298