[Standalone]
PinMAMEWindow = 0

[TableOverride]
ViewCabMode = 2
ViewCabScaleX = 1.118121
ViewCabScaleY = 1.005032
ViewCabScaleZ = 0.859642
ViewCabRotation = 180.000000
ViewCabHOfs = 0.000000
ViewCabVOfs = 0.041922
ViewCabWindowTop = 44.817966
ViewCabWindowBot = 45.381271