[TableOverride]
ViewCabMode = 1
ViewCabScaleX = 0.963267
ViewCabScaleY = 0.764875
ViewCabScaleZ = 0.949596
ViewCabRotation = 90.000000
ViewCabPlayerX = 0.189001
ViewCabPlayerY = -157.550873
ViewCabPlayerZ = 1378.260010
ViewCabLookAt = 2.951200
ViewCabFOV = 43.857002
ViewCabHOfs = 0.221300
ViewCabVOfs = 83.743538