[TableOverride]
ViewCabMode = 1
ViewCabScaleX = 1.069907
ViewCabScaleY = 0.871515
ViewCabScaleZ = 1.056236
ViewCabRotation = 90.000000
ViewCabPlayerX = 0.000000
ViewCabPlayerY = 44.113110
ViewCabPlayerZ = 1404.774048
ViewCabLookAt = 6.796999
ViewCabFOV = 44.111809
ViewCabHOfs = 0.221300
ViewCabVOfs = 73.898453