[Player]
BallTrailStrength = 0.392157
OverrideTableEmissionScale = 0

[TableOverride]
ViewCabMode = 0
ViewCabScaleX = 0.928985
ViewCabScaleY = 1.073949
ViewCabScaleZ = 0.845258
ViewCabRotation = 90.000000
ViewCabPlayerX = 11.629034
ViewCabPlayerY = 4.143000
ViewCabPlayerZ = -9.500002
ViewCabLookAt = -0.813301
ViewCabFOV = 42.999908
ViewCabLayback = 48.000000