[Player]
BallTrailStrength = 0.490196
OverrideTableEmissionScale = 1
ScreenPlayerZ = 90.028343
DynamicDayNight = 0
EmissionScale = 0.503921
AAFactor = 0.90
ScreenPlayerY = 14.966501

[TableOverride]
ViewCabMode = 2
ViewCabScaleX = 1.239977
ViewCabScaleY = 0.995984
ViewCabScaleZ = 1.000000
ViewCabRotation = 180.000000
ViewCabHOfs = 0.000000
ViewCabVOfs = 0.000000
ViewCabWindowTop = 353.217072
ViewCabWindowBot = 0.119212
