[Player]
BallTrailStrength = 0.490196
AlphaRampAccuracy = 10
OverrideTableEmissionScale = 0

[TableOverride]
ViewCabMode = 0
ViewCabScaleX = 0.799507
ViewCabScaleY = 0.899748
ViewCabScaleZ = 1.000339
ViewCabRotation = 90.000000
ViewCabPlayerX = -0.401985
ViewCabPlayerY = 0.482000
ViewCabPlayerZ = -582.820007
ViewCabLookAt = 0.025600
ViewCabFOV = 29.964710
ViewCabLayback = 60.032501