[Standalone]
BackBufferScale = 0.666666
PinMAMEWindow = 0

[Player]
AAFactor = 0.90

[TableOverride]
ViewCabMode = 2
ViewCabScaleX = 1.109062
ViewCabScaleY = 1.003631
ViewCabScaleZ = 0.873462
ViewCabRotation = 180.000000
ViewCabHOfs = 0.000000
ViewCabVOfs = 0.048610
ViewCabWindowTop = 55.135002
ViewCabWindowBot = 0.593265

[TableOption]
Select LUT = 0.000000
Cabinet Rails = 0.000000