[Standalone]
B2SHideB2SDMD = 1

[TableOverride]
ToneMapper = 2
ViewCabMode = 2
ViewCabScaleX = 1.172737
ViewCabScaleY = 0.999892
ViewCabScaleZ = 0.936419
ViewCabRotation = 180.000000
ViewCabHOfs = 0.000000
ViewCabVOfs = 0.000000
ViewCabWindowTop = 334.536926
ViewCabWindowBot = 117.490227

[Player]
OverrideTableEmissionScale = 1
DynamicDayNight = 0
EmissionScale = 0.194685
ScreenPlayerY = 16.304602
ScreenPlayerZ = 87.333290
ScreenWidth = 0.000000
ScreenHeight = 0.000000
ScreenInclination = 0.000000