[Player]
BallTrailStrength = 0.392157
OverrideTableEmissionScale = 1
DynamicDayNight = 0
EmissionScale = 0.353695

[TableOverride]
Difficulty = 0.500715
ViewCabMode = 0
ViewCabScaleX = 1.130869
ViewCabScaleY = 1.549025
ViewCabScaleZ = 0.904995
ViewCabRotation = 90.000000
ViewCabPlayerX = -5.453000
ViewCabPlayerY = 365.999939
ViewCabPlayerZ = -340.000000
ViewCabLookAt = 5.000000
ViewCabFOV = 42.999908
ViewCabLayback = 48.000000