[TableOverride]
ViewCabMode = 0
ViewCabScaleX = 0.759449
ViewCabScaleY = 0.882675
ViewCabScaleZ = 0.904995
ViewCabRotation = 90.000000
ViewCabPlayerX = 28.694000
ViewCabPlayerY = 0.427998
ViewCabPlayerZ = -340.000000
ViewCabLookAt = 0.290300
ViewCabFOV = 42.999908
ViewCabLayback = 48.000000

[Player]
OverrideTableEmissionScale = 1
DynamicDayNight = 0
EmissionScale = 0.249820