[TableOverride]
ViewCabMode = 1
ViewCabScaleX = 1.066096
ViewCabScaleY = 0.850796
ViewCabScaleZ = 1.052425
ViewCabRotation = 90.000000
ViewCabPlayerX = 0.000000
ViewCabPlayerY = -4.048899
ViewCabPlayerZ = 1404.774048
ViewCabLookAt = 5.000000
ViewCabFOV = 44.111809
ViewCabHOfs = 0.221300
ViewCabVOfs = 76.699562