[Player]
BallTrailStrength = 0.392157
OverrideTableEmissionScale = 0

[TableOverride]
ViewCabMode = 0
ViewCabScaleX = 0.884459
ViewCabScaleY = 1.051431
ViewCabScaleZ = 0.895716
ViewCabRotation = 90.000000
ViewCabPlayerX = 16.821991
ViewCabPlayerY = -0.762000
ViewCabPlayerZ = -140.460007
ViewCabLookAt = 1.333199
ViewCabFOV = 42.999908
ViewCabLayback = 48.000000