[TableOverride]
ViewCabMode = 1
ViewCabScaleX = 1.039567
ViewCabScaleY = 0.841175
ViewCabScaleZ = 1.025897
ViewCabRotation = 90.000000
ViewCabPlayerX = 0.000000
ViewCabPlayerY = -151.114868
ViewCabPlayerZ = 1404.774048
ViewCabLookAt = 14.673608
ViewCabFOV = 44.111809
ViewCabHOfs = 0.221300
ViewCabVOfs = 61.594749