[Player]
BallTrailStrength = 0.392157
AlphaRampAccuracy = 10
OverrideTableEmissionScale = 1
DynamicDayNight = 0
EmissionScale = 0.355610

[TableOverride]
Difficulty = 0.199690
ViewCabMode = 0
ViewCabScaleX = 0.775878
ViewCabScaleY = 0.918969
ViewCabScaleZ = 0.904995
ViewCabRotation = 90.000000
ViewCabPlayerX = 60.697002
ViewCabPlayerY = 0.072999
ViewCabPlayerZ = -340.000000
ViewCabLookAt = 2.635400
ViewCabFOV = 42.999908
ViewCabLayback = 48.000000