[TableOverride]
ViewCabMode = 1
ViewCabScaleX = 1.091774
ViewCabScaleY = 0.877438
ViewCabScaleZ = 1.159840
ViewCabRotation = 90.000000
ViewCabPlayerX = -1.626000
ViewCabPlayerY = -145.653854
ViewCabPlayerZ = 1404.774048
ViewCabLookAt = 8.649300
ViewCabFOV = 44.111809
ViewCabHOfs = 0.221300
ViewCabVOfs = 68.282829