[TableOverride]
ViewCabMode = 2
ViewCabScaleX = 1.151013
ViewCabScaleY = 1.052343
ViewCabScaleZ = 0.981164
ViewCabRotation = 180.000000
ViewCabHOfs = 0.000000
ViewCabVOfs = -37.442009
ViewCabWindowTop = 126.372849
ViewCabWindowBot = 117.562279

[TableOption]
Select LUT = 0.000000
Cabinet Rails = 0.000000