[Standalone]
PinMAMEWindow = 0
B2SHideB2SDMD = 1

[TableOverride]
ViewCabMode = 2
ViewCabScaleX = 1.149074
ViewCabScaleY = 0.991365
ViewCabScaleZ = 0.913411
ViewCabRotation = 180.000000
ViewCabHOfs = 0.000000
ViewCabVOfs = 0.000000
ViewCabWindowTop = 41.095833
ViewCabWindowBot = 41.355267

[TableOption]
Select LUT = 0.000000
Cabinet Rails = 0.000000

[Player]
ScreenPlayerY = 14.957910
ScreenPlayerZ = 89.993103