[Player]
JoyAddCredit2Key = 1
ScreenPlayerY = 15.006700
AAFactor = 0.85

[TableOverride]
ViewCabMode = 2
ViewCabScaleX = 1.271548
ViewCabScaleY = 1.026047
ViewCabScaleZ = 0.831721
ViewCabRotation = 180.000000
ViewCabHOfs = 0.000000
ViewCabVOfs = 0.011699
ViewCabWindowTop = 390.821960
ViewCabWindowBot = 110.845306