[TableOverride]
ViewCabMode = 0
ViewCabScaleX = 0.999871
ViewCabScaleY = 1.125447
ViewCabScaleZ = 1.000000
ViewCabRotation = 90.000000
ViewCabPlayerX = 10.000000
ViewCabPlayerY = 5.087999
ViewCabPlayerZ = -190.000000
ViewCabLookAt = 14.996403
ViewCabFOV = 10.006285
ViewCabLayback = 46.349403


[Player]
RMagnaSave = 8
LMagnaSave = 9
FXAA = 1