[Player]
MaxFramerate = 0
SyncMode = 1
BallTrailStrength = 0.490196
OverrideTableEmissionScale = 0

[TableOverride]
ViewCabMode = 0
ViewCabScaleX = 0.829595
ViewCabScaleY = 1.037503
ViewCabScaleZ = 0.871650
ViewCabRotation = 90.000000
ViewCabPlayerX = 12.250006
ViewCabPlayerY = 0.963000
ViewCabPlayerZ = -340.000000
ViewCabLookAt = 5.000000
ViewCabFOV = 42.999908
ViewCabLayback = 48.000000