[Player]
BallTrailStrength = 0.490196
OverrideTableEmissionScale = 0

[TableOverride]
ViewCabMode = 0
ViewCabScaleX = 1.008037
ViewCabScaleY = 1.226944
ViewCabScaleZ = 1.094436
ViewCabRotation = 90.000000
ViewCabPlayerX = 0.867004
ViewCabPlayerY = 11.941997
ViewCabPlayerZ = -207.250046
ViewCabLookAt = 5.074396
ViewCabFOV = 42.999908
ViewCabLayback = 48.000000