[Player]
OverrideTableEmissionScale = 1
DynamicDayNight = 0
EmissionScale = 0.299605
ScreenPlayerY = 15.013798
ScreenPlayerZ = 90.037270

[TableOverride]
ViewCabMode = 2
ViewCabScaleX = 1.289860
ViewCabScaleY = 1.032883
ViewCabScaleZ = 0.874546
ViewCabRotation = 180.000000
ViewCabHOfs = 0.000000
ViewCabVOfs = 0.000000
ViewCabWindowTop = 296.452911
ViewCabWindowBot = 122.931198

[TableOption]
Select LUT = 0.000000
Desktop DMD = 0.000000
Cabinet Rails = 0.000000
Side Blades = 1.000000