[Player]
BallTrailStrength = 0.200000
OverrideTableEmissionScale = 1
ScreenPlayerZ = 90.021164
DynamicDayNight = 0
EmissionScale = 0.599775
ScreenWidth = 0.000000
ScreenHeight = 0.000000
ScreenInclination = 0.000000
AAFactor = .90
ScreenPlayerY = 14.951646

[TableOverride]
ViewCabMode = 2
ViewCabScaleX = 1.164985
ViewCabScaleY = 1.000227
ViewCabScaleZ = 1.000000
ViewCabRotation = 180.000000
ViewCabHOfs = 0.000000
ViewCabVOfs = 0.000000
ViewCabWindowTop = 244.100784
ViewCabWindowBot = 144.288162
ToneMapper = 0
