[Player]
BallTrailStrength = 0.200000
OverrideTableEmissionScale = 1
ScreenPlayerZ = 103.301422
DynamicDayNight = 0
EmissionScale = 0.300000
ScreenWidth = 0.000000
ScreenHeight = 0.000000
ScreenInclination = 0.000000
AAFactor = .95

[TableOverride]
ViewCabMode = 2
ViewCabScaleX = 1.199493
ViewCabScaleY = 1.056517
ViewCabScaleZ = 1.000000
ViewCabRotation = 180
ViewCabHOfs = 0.000000
ViewCabVOfs = -24.420368
ViewCabWindowTop = 279.541931
ViewCabWindowBot = 90.953217

[Standalone]
BackBufferScale = 0.416666