[TableOverride]
ViewCabMode = 2
ViewCabScaleX = 1.326354
ViewCabScaleY = 1.182228
ViewCabScaleZ = 1.000001
ViewCabRotation = 180.000000
ViewCabHOfs = -1.985699
ViewCabVOfs = -188.686813
ViewCabWindowTop = 347.194946
ViewCabWindowBot = 330.390259

[Player]
ScreenPlayerY = 16.264351
ScreenPlayerZ = 100.312576
ScreenWidth = 0.000000
ScreenHeight = 0.000000
ScreenInclination = 0.000000