[Player]
BallTrailStrength = 0.290196

[TableOverride]
ViewCabMode = 0
ViewCabScaleX = 0.928527
ViewCabScaleY = 1.084598
ViewCabScaleZ = 1.125368
ViewCabRotation = 90.000000
ViewCabPlayerX = 16.178997
ViewCabPlayerY = -0.000000
ViewCabPlayerZ = -340.000000
ViewCabLookAt = -0.324099
ViewCabFOV = 42.999908
ViewCabLayback = 48.000000